7 0.3729065950338073 0.09368134348571945 0.027112592339232727 0.04965841032894934
7 0.3124246582770573 0.13355855178017878 0.02794682594967072 0.04514400938995395
7 0.40460747223044863 0.21820356938634242 0.030449526780984483 0.05342041111144551
7 0.37102956941032195 0.2377659734553225 0.0291981763653276 0.05191561079844706
7 0.34099715943455644 0.25996177807204984 0.02752970914445169 0.04815361001595088
7 0.3124246582770573 0.2821575826887772 0.02544412511835685 0.04589640954645321
7 0.43881105025840383 0.3668026002949409 0.026278358728794807 0.049658410328949354
7 0.3503822875519832 0.43564721461462064 0.02878105956010864 0.04740120985945162
7 0.4094043154904668 0.5466262376982575 0.02919817636532753 0.05116321064194781
7 0.5070096479117047 0.6508336593734011 0.02752970914445169 0.04890601017245007
7 0.47739435474115804 0.6730294639901285 0.030866643586203446 0.04965841032894929
7 0.41586962597136073 0.7181734733800824 0.03378646122273624 0.04965841032894929
