8 0.7061586714267131 0.21837522160809258 0.09972971801060913 0.1486077797476275
8 0.8210646508737189 0.6915736781729065 0.10262043447468452 0.17467932005422884
8 0.576799109659329 0.38001877150902075 0.099729718010609 0.16946501199290856
8 0.5558414152947808 0.5885910939618313 0.10551115093876019 0.1694650119929085
8 0.5366904187202798 0.7860830117843361 0.08888953127032534 0.17076858900823866
8 0.3303655310968823 0.28681301491292105 0.10262043447468452 0.16555428094691843
8 0.30290372468816396 0.4953853373657316 0.10695650917079796 0.16816143497757854
8 0.2927862170638993 0.7026540828032121 0.09105756861838206 0.1733757430388987
8 0.10019223264486103 0.20925018250078212 0.10334311359070344 0.16685785796224842
8 0.07706650093225606 0.4086974658462822 0.10189775535866563 0.1746793200542288
8 0.049966034081547116 0.6101001147147773 0.08961221038634425 0.1655542809469183
