8 0.46117045109630417 0.21120554802377728 0.08961221038634422 0.1733757430388988
8 0.17788023761689334 0.3063666701428721 0.10406579270672235 0.17337574303889877
8 0.4427421336378221 0.4073938888309522 0.10767918828681684 0.16685785796224845
8 0.7065200109847227 0.2959380540202315 0.08744417303828758 0.16816143497757846
8 0.9493401939670747 0.38653665658567116 0.08888953127032534 0.1668578579622484
8 0.9215170480003468 0.5892428824694964 0.10262043447468452 0.1733757430388987
8 0.6992932198245336 0.5090728960266973 0.10478847182274131 0.16946501199290856
8 0.42395247662133057 0.6192251538220878 0.10478847182274124 0.1733757430388987
8 0.6700247156257678 0.7104755448951925 0.10262043447468473 0.16294712691625826
8 0.8987526558457513 0.7899937428303265 0.1018977553586655 0.17076858900823866
8 0.2931475566219088 0.782824069246011 0.10189775535866569 0.14860777974762748
