8 0.37985004611519263 0.05259643230234187 0.17449829850841223 0.08530473533184348
8 0.5878057119231626 0.0758807946436049 0.17192220844067044 0.10222639496802118
8 0.7899969786597971 0.10304404744588286 0.16739019813631034 0.10590693307591606
8 0.29376172757052443 0.29238238807417494 0.17795693795121317 0.09046189651296557
8 0.5039436440543206 0.30136334184044533 0.17978564386349882 0.10428044378033133
8 0.7132708392965048 0.330212589644244 0.17616798651528143 0.10397189567547785
8 0.2047832585949178 0.5387404184793868 0.1644245142002989 0.09218976590014497
8 0.4132318799096779 0.5576301742415225 0.17889514359316852 0.11041614323684593
8 0.6212670546703557 0.574600320008463 0.17889514359316852 0.10711027068484455
8 0.7812032884902841 0.7075823492852703 0.15881913303437975 0.09218976590014497
8 0.30381165919282516 0.8230785166770251 0.1831091180866966 0.10772736689455142
