0 0.7262188722450147 0.22715311479311845 0.1407308462932926 0.07603506869603162
0 0.5395716057628088 0.2985158836156548 0.14192348058391369 0.07669624320643191
3 0.39705180803358453 0.37393385610197954 0.11449289189962793 0.052232786321621705
3 0.15799223992621567 0.7237745130449731 0.11449289189962793 0.052232786321621705
3 0.24758292783767435 0.4323640515010865 0.11449289189962793 0.052232786321621705
3 0.11176573482174094 0.48024630954427444 0.11449289189962793 0.052232786321621705
3 0.6358648983875583 0.5486426087301483 0.11449289189962793 0.052232786321621705
3 0.5167445854403204 0.5923594673578145 0.11449289189962793 0.05223278632162199
3 0.39337054352320056 0.6400433730478823 0.11449289189962793 0.052232786321621705
3 0.27782813344782614 0.6828125482106414 0.11449289189962793 0.052232786321621705
0 0.8878208186241769 0.49748533294544417 0.16100562923385175 0.09058090792483764
0 0.945067264573991 0.6282370002071679 0.10538116591928251 0.08680339755541734
1 0.35706278026905836 0.8494924383675161 0.21113602391629302 0.12119328775637041
