3 0.21132665453358854 0.2103192050343226 0.14991135676295755 0.07009987425383381
3 0.9148394161320599 0.978084639245579 0.15515257738201374 0.04478372545280514
3 0.2136411344988714 0.916307697185328 0.14991135676295755 0.07009987425383397
3 0.37775222953720494 0.8910064682112105 0.14991135676295755 0.07009987425383384
3 0.5328223872111525 0.8637003874958794 0.14991135676295755 0.07009987425383397
3 0.6806597949935914 0.839401584392369 0.14991135676295764 0.07009987425383384
3 0.8303053902489077 0.8141003554182517 0.1499113567629575 0.07009987425383397
3 0.13552743567057682 0.7497045174904663 0.14991135676295755 0.0700998742538337
3 0.29783034323603313 0.7254057143869559 0.14991135676295755 0.07009987425383384
3 0.45470868838285805 0.6991020595422317 0.14991135676295755 0.0700998742538337
3 0.6061624711110513 0.6808178116623625 0.14991135676295755 0.07009987425383397
3 0.38306914172489304 0.5405639787821411 0.14991135676295755 0.07009987425383377
3 0.5972207738033164 0.3254079523609926 0.14991135676295755 0.07009987425383381
3 0.365549066638857 0.18902394958590482 0.14991135676295755 0.07009987425383381
