3 0.09080717488789244 0.02185622539879842 0.15321375186846034 0.04454112285063186
3 0.16554559043348277 0.18500103584006625 0.13452914798206278 0.06629376424280092
3 0.3968609865470852 0.6685311787859954 0.13452914798206278 0.06629376424280102
3 0.39461883408071763 0.3171742282991507 0.13452914798206278 0.06629376424280099
3 0.539985052316891 0.2931427387611352 0.13452914798206278 0.06629376424280092
3 0.7040358744394619 0.2711829293557074 0.13452914798206278 0.06629376424280088
3 0.8606128550074738 0.2440439196188108 0.13452914798206278 0.06629376424280092
3 0.7780269058295964 0.08017402113113731 0.13452914798206278 0.06629376424280087
3 0.6225710014947683 0.10689869484151648 0.13452914798206278 0.06629376424280092
3 0.45964125560538116 0.13465920861818936 0.13452914798206278 0.0662937642428009
3 0.30979073243647226 0.15827636212968718 0.13452914798206278 0.0662937642428009
3 0.7720478325859492 0.7884814584628135 0.13452914798206278 0.06629376424280095
3 0.62406576980568 0.80899109177543 0.13452914798206278 0.06629376424280095
3 0.6162182361733932 0.4565983012222912 0.13452914798206278 0.06629376424280095
