3 0.09441079971670978 0.5546980915632496 0.06431844132568258 0.12775054750234646
3 0.24059433130501393 0.3230263843987903 0.06431844132568257 0.12775054750234646
3 0.1121597988061341 0.702732297424132 0.06431844132568257 0.12775054750234646
3 0.13548788067122433 0.8686515799353427 0.06431844132568255 0.12775054750234646
3 0.3282408544957867 0.9364115131921993 0.06431844132568257 0.12775054750234646
3 0.3031494355876101 0.7839190739388884 0.06431844132568207 0.12775054750234646
3 0.2787806957954529 0.6213369485869225 0.06431844132568257 0.12775054750234638
3 0.25874803069940877 0.4730941704035874 0.06431844132568257 0.12775054750234646
3 0.5038518796883807 0.8565543852330796 0.06431844132568264 0.12775054750234646
3 0.47731510254816656 0.7017937219730942 0.06431844132568257 0.12775054750234646
3 0.4580051165681413 0.5444259046824488 0.0643184413256825 0.12775054750234646
3 0.4329136976599649 0.3870580873918031 0.0643184413256825 0.12775054750234646
3 0.4114356743318831 0.24272604025445824 0.0643184413256825 0.12775054750234646
3 0.6783066182953446 0.7762540410887475 0.0643184413256825 0.12775054750234646
3 0.6553832367352247 0.617582646782772 0.06431844132568222 0.12775054750234646
3 0.6295691387110295 0.4641255605381166 0.06431844132568264 0.12775054750234646
3 0.6059230780348908 0.3119720513087913 0.06431844132568214 0.12775054750234646
3 0.9645742697327532 0.3019084367504432 0.06431844132568236 0.12775054750234646
3 0.8252995504935895 0.529095838982167 0.06431844132568222 0.12775054750234646
3 0.7980400942373566 0.3834602148294921 0.06431844132568207 0.12775054750234646
3 0.7715033170971421 0.23391385963082695 0.06431844132568207 0.12775054750234646
3 0.7478572564210038 0.07915319637084156 0.06431844132568193 0.12775054750234646
