3 0.3038116591928252 0.035840066293764246 0.14947683109118104 0.06007872384503832
3 0.5343796711509718 0.17194945100476486 0.1442451420029895 0.06753677232235342
3 0.38714499252615875 0.20116014087424902 0.14947683109118104 0.0600787238450383
3 0.23542600896861 0.22581313445204063 0.14947683109118104 0.0600787238450383
3 0.08744394618834093 0.2504661280298322 0.14947683109118104 0.06007872384503833
3 0.7810164424514202 0.3211104205510669 0.14947683109118104 0.0600787238450383
3 0.6218236173393126 0.3457634141288585 0.14947683109118104 0.06007872384503826
3 0.46636771300448443 0.3683447275740625 0.14947683109118104 0.06007872384503823
3 0.3109118086696565 0.3919618810855604 0.14947683109118104 0.0600787238450383
3 0.23878923766816168 0.5860783095090119 0.14947683109118104 0.060078723845038366
3 0.39536621823617357 0.5620468199709964 0.14947683109118104 0.0600787238450383
3 0.5482062780269062 0.5380153304329811 0.14947683109118104 0.0600787238450383
3 0.704783258594918 0.5201988812927284 0.14947683109118104 0.0600787238450383
3 0.8632286995515699 0.49202403148953805 0.14947683109118104 0.0600787238450383
3 0.9353512705530644 0.6713279469649888 0.1307922272047836 0.06318624404391966
3 0.7873692077727956 0.693391340377046 0.14947683109118104 0.060078723845038366
3 0.6207025411061289 0.7180443339548375 0.14947683109118104 0.06007872384503823
3 0.47272047832585984 0.7364822871348663 0.14947683109118104 0.060078723845038366
3 0.31539611360239195 0.7590636005800705 0.14947683109118104 0.060078723845038366
3 0.8725710014947683 0.8628547752227057 0.13677130044843075 0.06339341205717837
3 0.7021674140508222 0.884400248601616 0.13677130044843075 0.06339341205717837
3 0.5523168908819133 0.8986948415164699 0.13677130044843075 0.06339341205717837
