3 0.03442843308714065 0.6948326207112316 0.068654516021796 0.13687558660965687
3 0.17370315232630407 0.46373448743351764 0.06865451602179604 0.13687558660965687
3 0.25195484700883114 0.9151371363020128 0.06865451602179604 0.13687558660965687
3 0.2275861072166737 0.7642872040880175 0.06865451602179604 0.13687558660965687
3 0.204662725656554 0.6121336948586923 0.06865451602179604 0.13687558660965687
3 0.3935999537485366 0.6857075816039212 0.06865451602179615 0.13687558660965687
3 0.3670631766083223 0.5257326102826156 0.06865451602179601 0.13687558660965687
3 0.34847586974431616 0.3761862550839505 0.0686545160217961 0.13687558660965687
3 0.31832569702400737 0.22272916883929517 0.06865451602179586 0.13687558660965687
3 0.5873646783355254 0.7562571696735844 0.06865451602179586 0.13687558660965687
3 0.5615505803113301 0.6028000834289292 0.06865451602179586 0.13687558660965687
3 0.5407952360992672 0.4415215350922934 0.06865451602179586 0.13687558660965687
3 0.5185945336551664 0.2984930649702786 0.06865451602179586 0.13687558660965687
3 0.4949484729790278 0.13330378558765266 0.06865451602179586 0.13687558660965687
3 0.7589287004784135 0.6655282094066118 0.06865451602179592 0.13687558660965687
3 0.7381733562663506 0.519892585253937 0.06865451602179579 0.13687558660965687
3 0.7145272955902119 0.372953384085932 0.06865451602179592 0.13687558660965682
3 0.6944946304941678 0.21037125873396614 0.06865451602179592 0.13687558660965687
3 0.6751846445141427 0.0686463656272814 0.06865451602179579 0.13687558660965687
3 0.8617514851055834 0.12360517259359695 0.06865451602179592 0.13687558660965687
3 0.8872476043187303 0.2908280321201378 0.06865451602179592 0.13687558660965687
3 0.8997354994435369 0.44371154447804795 0.06865451602179592 0.13687558660965687
