12 0.3849278043563097 0.1642767754718949 0.0585370083975313 0.10558973824173534
12 0.401910763582754 0.28616122640525604 0.054923612817436816 0.09907185316508503
12 0.4207004205992455 0.41000104286161226 0.057814329281512415 0.10689331525706543
12 0.43406998424559523 0.5357962248409636 0.06287308309364473 0.11341120033371567
12 0.4463555292179166 0.6479038481593493 0.0628730830936448 0.10819689227239544
12 0.2425600185005854 0.23532172280738345 0.061427724861606935 0.10689331525706536
12 0.2544842239148973 0.3591615392637397 0.060705045745588014 0.10428616122640524
12 0.2743578996054172 0.4797424131817708 0.0585370083975313 0.10558973824173534
12 0.2855594259037102 0.602930441130462 0.06215040397762585 0.11210762331838565
12 0.302181045572145 0.7267702575868182 0.06648647867373925 0.11210762331838565
3 0.42634454449535314 0.8961570549588069 0.09945509994652174 0.20320158514965056
