3 0.5681269602671022 0.1030086557513818 0.10406579270672237 0.19944728334550002
12 0.551144001040658 0.34417040358744394 0.055646291933455695 0.10037543018041505
12 0.6924277682223539 0.2718218792366253 0.06359576220966362 0.11732193137970587
12 0.710856085680836 0.3943581186776515 0.06287308309364473 0.1199290854103661
12 0.726032347117233 0.5201533006570028 0.057091650165493536 0.11601835436437585
12 0.7419312876696489 0.6426895400980289 0.0585370083975313 0.11601835436437585
12 0.7571075491060458 0.7691365105850453 0.059982366629569205 0.10558973824173527
12 0.5623455273389509 0.46670664302847015 0.05925968751355025 0.10558973824173534
12 0.5822192030294708 0.5918500365001564 0.057091650165493536 0.10819689227239544
12 0.5988408226979057 0.7104755448951925 0.059982366629569135 0.10819689227239544
12 0.6140170841343027 0.8336635728438836 0.05420093370141793 0.10428616122640524
