3 0.8971448033149798 0.5717129123364618 0.1986717375262531 0.08889867910723694
12 0.657319634444003 0.5540118479124544 0.11636487483680538 0.055069978208022924
12 0.5296020888914116 0.5673859854772599 0.11636487483680526 0.05349655025922224
12 0.40614179485724017 0.5807601230420656 0.10785037179996591 0.05034969436162093
12 0.28835783618096156 0.6016080433636742 0.10785037179996591 0.05428326423362254
12 0.16631662598626323 0.6134087529796791 0.11068853947891232 0.05428326423362262
12 0.7218879491400351 0.6944402923429127 0.11210762331838565 0.06057697602882509
12 0.6026849066242833 0.7109612858053198 0.10075495260259976 0.055856692182423236
12 0.47780552875063853 0.7282689932421269 0.11494579099733206 0.05743012013122399
12 0.35292615087699375 0.743216558755733 0.10926945563943911 0.05743012013122385
12 0.23017539876255888 0.7589508382437397 0.11352670715785886 0.05428326423362247
