12 0.26924514200298955 0.3036047234307023 0.11397608370702536 0.05697120364615704
12 0.3972346786248132 0.2870312823700021 0.09715994020926765 0.05697120364615704
12 0.5214872944693574 0.2720116014087425 0.09902840059790749 0.05386368344727571
12 0.6438714499252618 0.25492024031489535 0.10089686098654709 0.05904288377874456
12 0.7653213751868461 0.23990055935363577 0.10463378176382677 0.051792003314688195
12 0.8316517189835577 0.38647192873420344 0.10650224215246637 0.05904288377874456
12 0.7073991031390136 0.401491609695463 0.11584454409566508 0.058007043712450815
12 0.593423019431988 0.42117257095504457 0.10463378176382652 0.05386368344727571
12 0.46917040358744405 0.4346384918168635 0.10276532137518693 0.05386368344727578
12 0.3421150971599402 0.44655065257924176 0.12518684603886393 0.06111456391133211
3 0.10388639760837072 0.4258338512533665 0.1980568011958146 0.1004764864304951
