7 0.2617110150750863 0.26530399415997497 0.04625146342520991 0.08342892898112422
7 0.20461936490959284 0.3513400771717593 0.04914217988928555 0.07821462091980394
7 0.658143870958417 0.8930545416623213 0.04914217988928555 0.078214620919804
7 0.592582421553182 0.8125977682761498 0.04914217988928562 0.07821462091980387
7 0.5306343677280414 0.7360517259359683 0.04914217988928555 0.07821462091980387
7 0.4657955974388252 0.6595056835957868 0.04914217988928555 0.07821462091980387
7 0.4941824331160478 0.5399415997497131 0.04914217988928555 0.07821462091980387
7 0.334672698628355 0.5064135989154238 0.049142179889285514 0.07821462091980394
7 0.26911124922311996 0.4259568255292523 0.04914217988928555 0.07821462091980394
7 0.4861173341812768 0.3859109396183127 0.04914217988928555 0.07821462091980394
7 0.41911052654400394 0.3093648972781312 0.04914217988928555 0.07821462091980394
7 0.3586078309509012 0.23151527792261964 0.04914217988928569 0.07821462091980394
