7 0.6452574218084803 0.20392412930430878 0.08372594652892093 0.045629410515219
7 0.10861667707328146 0.6577322182973935 0.08372594652892093 0.04562941051521907
7 0.17874780042004873 0.5935520922658148 0.08372594652892093 0.04562941051521893
7 0.2616506783220753 0.5309453941830368 0.08372594652892093 0.045629410515219
7 0.3417153885451552 0.46519184020265747 0.08372594652892093 0.045629410515219
7 0.4572571947550662 0.49384396315031737 0.08372594652892093 0.04562941051521907
7 0.6111142646307544 0.48630724327556224 0.08372594652892093 0.04562941051521893
7 0.6840835556564681 0.4205536892951829 0.08372594652892093 0.045629410515219
7 0.768405517397968 0.36030713313560586 0.08372594652892093 0.045629410515219
7 0.49228018391326556 0.33467599184964314 0.08372594652892093 0.04562941051521893
7 0.5723448941363456 0.26892243786926384 0.08372594652892093 0.045629410515219
7 0.7332973832094001 0.25981229004570805 0.08372594652892093 0.045629410515219
