7 0.33939902004711864 0.10626759828970696 0.05275557546938006 0.07821462091980397
7 0.6399179036524203 0.7656689957242674 0.052755575469380096 0.07821462091980387
7 0.5765244915952419 0.690426530399416 0.05275557546938003 0.07821462091980387
7 0.5145764377701013 0.6138804880592347 0.052755575469380096 0.078214620919804
7 0.7366412765403906 0.732870998018563 0.052755575469380096 0.07821462091980387
7 0.5048636304508072 0.4568776723328814 0.052755575469380096 0.078214620919804
7 0.6604419905473572 0.4911356762957555 0.05275557546938003 0.078214620919804
7 0.7921719398152831 0.6440191886536655 0.052755575469380096 0.07821462091980387
7 0.728055848642086 0.5700803003441444 0.05275557546938038 0.078214620919804
7 0.531689479237429 0.3384085931796851 0.05275557546938003 0.07821462091980394
7 0.4690187462962695 0.26316612785483373 0.052755575469380096 0.078214620919804
7 0.4041799760070533 0.18531650849932213 0.052755575469380096 0.07821462091980397
