7 0.5058856502242153 0.6640425384987223 0.07940956651718975 0.046612802983219244
7 0.8929060787244645 0.3399627097576134 0.07940956651718975 0.04661280298321939
7 0.2631726457399103 0.7409709274221394 0.07940956651718975 0.04661280298321967
7 0.4275348779272547 0.7285063186244045 0.07940956651718975 0.04661280298321953
7 0.6572932237169905 0.5313168980042815 0.07940956651718975 0.04661280298321939
7 0.22997633283507726 0.6405634969960639 0.07940956651718975 0.04661280298321939
7 0.31025784753363217 0.5771700849388853 0.07940956651718975 0.04661280298321939
7 0.38742526158445445 0.5120502727712174 0.07940956651718975 0.04661280298321939
7 0.5408881415047334 0.5056280643601961 0.07940956651718975 0.04661280298321939
7 0.7317202291978079 0.4681306539603618 0.07940956651718975 0.04661280298321939
7 0.8151158445440959 0.40560044195842826 0.07940956651718975 0.04661280298321939
7 0.35435351270553067 0.795835922933499 0.07940956651718975 0.04661280298321967
7 0.35211136023916295 0.7945929148539465 0.07940956651718975 0.04661280298321967
