7 0.2945929148539465 0.464751277505475 0.052755575469380096 0.08082177495046405
7 0.6872100250046973 0.6280634059860256 0.05275557546937996 0.08082177495046405
7 0.6093630306271409 0.6440713317342789 0.05275557546938017 0.08082177495046405
7 0.5300706780175466 0.6587756804672019 0.052755575469380096 0.08082177495046405
7 0.3792330929220807 0.6943372614454061 0.052755575469380096 0.08082177495046405
7 0.2992180611964674 0.7090416101783293 0.05275557546937982 0.08082177495046405
7 0.22426178328298665 0.7250495359265825 0.052755575469380096 0.08082177495046405
7 0.23351207596802864 0.6016007925748252 0.050616445285964165 0.08869538012305764
7 0.5078699755734458 0.5424705391594535 0.04969141601745986 0.0844196475127751
7 0.4488993597063031 0.43414328918552514 0.052755575469380096 0.08082177495046405
7 0.37177504444476556 0.45275836896443833 0.052755575469380096 0.08082177495046405
7 0.7640163614551865 0.6114819063510271 0.05275557546937996 0.08082177495046405
