7 0.6121076233183858 0.2367930391547545 0.08221225710014939 0.04972032318210068
7 0.7249626307922274 0.7768800497203231 0.08221225710014939 0.04972032318210068
7 0.6020179372197311 0.7625854568054692 0.09118086696562024 0.04640563496996068
7 0.4682361733931243 0.704992749119536 0.08221225710014939 0.04972032318210068
7 0.7088938714499256 0.6996063807748082 0.08221225710014939 0.04972032318210054
7 0.6917040358744396 0.6196395276569298 0.08221225710014939 0.04972032318210068
7 0.4502989536621826 0.6277190801740212 0.08221225710014939 0.04972032318210096
7 0.43497757847533647 0.5518955873213176 0.08221225710014939 0.04972032318210068
7 0.5411061285500748 0.4843588149989642 0.08968609865470852 0.04972032318210075
7 0.6584454409566518 0.46757820592500515 0.08221225710014939 0.04972032318210068
7 0.6431240657698059 0.38968303293971407 0.08221225710014939 0.04972032318210068
7 0.6259342301943199 0.31385954008701056 0.08221225710014939 0.04972032318210068
