7 0.2767189835575486 0.22488087839237622 0.08781763826606867 0.05489952351356949
7 0.3865844544095667 0.763310544851875 0.08781763826606867 0.054899523513569456
7 0.3693946188340808 0.6843795318002902 0.08781763826606867 0.054899523513569456
7 0.36154708520179385 0.6085560389475865 0.08781763826606867 0.054899523513569526
7 0.34622571001494773 0.5306608659622953 0.08781763826606867 0.054899523513569526
7 0.4579596412556055 0.5118085767557489 0.08781763826606867 0.054899523513569456
7 0.5584828101644246 0.4484151646985705 0.08781763826606867 0.054899523513569526
7 0.3077354260089686 0.3756991920447482 0.08781763826606867 0.054899523513569456
7 0.54652466367713 0.3703128237000207 0.08781763826606867 0.054899523513569456
7 0.29390881913303446 0.3007043712450798 0.08781763826606867 0.054899523513569526
7 0.530829596412556 0.29324632276776463 0.08781763826606867 0.05489952351356956
7 0.39592675635276525 0.23296043090946758 0.08781763826606867 0.05489952351356949
