7 0.23641724601442468 0.38588486807800604 0.05492361281743678 0.08733966002711442
7 0.7063610215791984 0.5335540723745957 0.054923612817436886 0.08733966002711437
7 0.6306820645496987 0.5482584211075191 0.05492361281743675 0.08733966002711449
7 0.5513897119401043 0.5629627698404422 0.05492361281743675 0.08733966002711442
7 0.4836602251868125 0.45513087913233913 0.05492361281743675 0.08733966002711442
7 0.7657074305866709 0.39683491500677864 0.05492361281743675 0.08733966002711442
7 0.7738592510153641 0.27336010011471473 0.054923612817436886 0.08733966002711442
7 0.6989029731018833 0.2919751798936281 0.05492361281743675 0.08733966002711442
7 0.6203332996083077 0.3053759516112212 0.05492361281743668 0.08733966002711442
7 0.4666049980487664 0.3448482636354156 0.054923612817436816 0.08733966002711442
7 0.3887580036712099 0.3582490353530086 0.05492361281743675 0.08733966002711442
7 0.3123563675256911 0.3755605381165919 0.05492361281743653 0.08733966002711442
