7 0.28483674678769133 0.18122327667118573 0.04769682165724775 0.07430388987381374
7 0.3440964343012416 0.2594378975909897 0.043360746961134275 0.07430388987381374
7 0.40335612181479175 0.3363489414954635 0.04191538872909651 0.07430388987381374
7 0.4618931302123231 0.4080456773386172 0.040470030497058745 0.07430388987381374
7 0.5211528177258733 0.483653144227761 0.043360746961134344 0.07691104390447398
7 0.5811351843554424 0.5592606111169048 0.04480610519317211 0.07951819793513402
7 0.2584589590530013 0.4406351027218688 0.04263806784511543 0.07169673584315363
7 0.3766169945220923 0.5938054020231516 0.043360746961134344 0.07560746688914383
7 0.436238021593652 0.6674575033893002 0.04408342607715323 0.07430388987381367
7 0.49658172778123055 0.7398060277401189 0.03902467226502091 0.078214620919804
7 0.5554800757367714 0.8134581291062677 0.042638067845115396 0.0743038898738138
7 0.614378423692312 0.8871102304724162 0.043360746961134275 0.07560746688914383
