7 0.5571966563629239 0.25914304850748515 0.06857068222386692 0.04163473664520568
7 0.8189625146937175 0.28569273564355835 0.08054334102485954 0.04042793268447508
7 0.740596020723584 0.34392102674880975 0.08707388218903733 0.04223813862557101
7 0.6654947973355392 0.40335612181479175 0.09360442335321524 0.04284154060593631
7 0.4048173625321085 0.3774098366590839 0.0816317645522225 0.040427932684475115
7 0.5865840916017241 0.4624895158905911 0.08598545866167435 0.040427932684475046
7 0.33189298619878965 0.43714663271524856 0.07945491749749664 0.0452551485273975
7 0.5152923505594497 0.5231314149173036 0.08489703513431139 0.038617726743379155
7 0.25951282162915235 0.4962800267910478 0.07183595280595581 0.03922112872374445
7 0.438014280116679 0.5816614070127377 0.08272018807958559 0.041031334664840345
7 0.17842526884061125 0.5545083178962993 0.07727807044277064 0.038617726743379155
7 0.10931037485306282 0.6133400109819159 0.07401279986068181 0.041634736645205644
