7 0.38420512524029077 0.11343727187402232 0.04697414254122883 0.07691104390447388
7 0.44454883142786933 0.18774116174783606 0.04625146342520994 0.07951819793513402
7 0.5012791420353534 0.26465220565230996 0.04986485900530443 0.08212535196579414
7 0.5627068668969604 0.3350453644801335 0.0469741425412289 0.07951819793513396
7 0.6223278939685201 0.41130461987694233 0.047696821657247784 0.078214620919804
7 0.74120860855363 0.5573052455939097 0.04986485900530443 0.08082177495046405
7 0.4207004205992455 0.4399833142142038 0.05347825458539898 0.07560746688914376
7 0.47851474988075793 0.5149389925956825 0.043360746961134344 0.08473250599645425
7 0.5356064000462515 0.5918500365001564 0.040470030497058676 0.08212535196579407
7 0.5970341249078583 0.6655021378663051 0.04480610519317211 0.08864323704244445
7 0.6544871146313613 0.742413181770779 0.04697414254122883 0.08603608301178427
7 0.71483082081894 0.8141099176139326 0.04191538872909644 0.07821462091980387
