7 0.8891658322086289 0.3840472584431022 0.07510122338804472 0.044048344566666835
7 0.8151530323479472 0.44529255945018004 0.07510122338804472 0.043444942586301605
7 0.7422286560146283 0.5038225515456142 0.07510122338804472 0.039824530704109816
7 0.6654947973355392 0.5632576466115962 0.06965910575123001 0.039221128723744524
7 0.5920262092385389 0.6242012466284913 0.07292437633331879 0.040427932684475046
7 0.43855849188036045 0.7403561278488116 0.07292437633331891 0.041031334664840415
7 0.5593735034176498 0.41783776934355893 0.0794549174974967 0.03922112872374445
7 0.48046279768383465 0.47606606044881034 0.07836649397013361 0.0446517465470322
7 0.40808263311419735 0.5355011555147924 0.07292437633331879 0.040427932684475115
7 0.3351582567808785 0.595237951570957 0.07292437633331884 0.044048344566666904
7 0.2567917628107449 0.6552764486173044 0.07292437633331884 0.041031334664840415
7 0.18386738647742606 0.7135047397225557 0.06639383516914099 0.039221128723744524
