7 0.3463484449268638 0.2584238615549801 0.010285454179395854 0.01697404155876965
7 0.35882229361251405 0.27381892250363166 0.010285454179395854 0.017763531863828733
7 0.37140556202347713 0.2888192382997537 0.01006661472877042 0.017763531863828667
7 0.3840982501597528 0.3048064169771995 0.010066614728770351 0.018947767321417258
7 0.3967909382960285 0.3209909682309101 0.009628935827519483 0.01973725762647634
7 0.4089365278057406 0.33835975494220927 0.008972417475643184 0.016579296406240077
7 0.34033036003466416 0.3117144571464663 0.009628935827519483 0.01618455125371057
7 0.36560631658190285 0.34289932419629887 0.010285454179395784 0.017763531863828733
7 0.37862726389411666 0.36066285606012755 0.010504293630021288 0.01855302216888775
7 0.39121053230507974 0.37586054443251443 0.010723133080646721 0.017368786711299225
7 0.40368438099073 0.39263721341501934 0.009847775278144988 0.01618455125371057
7 0.4169241677535693 0.40941388239752413 0.008753578025017751 0.01736878671129916
7 0.7061173754772264 0.7496304144286208 0.00928841202302987 0.01724732666436712
7 0.7531741099174287 0.7523407086187356 0.008878629139660796 0.02217513428275749
7 0.771614339669032 0.7716823535209186 0.00942500631748604 0.017000936283447482
7 0.7621210362043177 0.8035899078499976 0.010927543556505605 0.017740107426206145
