7 0.7723561557871066 0.2271425128694823 0.019283818588293762 0.010509397757149553
7 0.8032429499666619 0.23656473154830604 0.015034841611212019 0.010871790783258162
7 0.7538894481559438 0.24689293279240132 0.02026435173685105 0.009784611704932335
7 0.7488233602217312 0.2927356505951399 0.019937507353998705 0.010147004731040944
7 0.410049157395181 0.58183468717328 0.01961066297114617 0.011415380322421093
7 0.3937069382525592 0.5951526308827711 0.018303285439736413 0.010147004731040979
7 0.3767110303442325 0.6069304042313008 0.020918040502555926 0.009784611704932335
7 0.33814339316764497 0.5899885302607236 0.018303285439736413 0.00924102216576944
7 0.32131090745074453 0.6022192948918891 0.017976441056884004 0.009784611704932335
7 0.36134934435016797 0.6206107409669007 0.01895697420544129 0.009603415191878083
7 0.34402659205898883 0.6329321038545933 0.01895697420544129 0.009603415191878014
7 0.3066029102223849 0.6150842473187444 0.017322752291179126 0.009784611704932335
7 0.28977042450548446 0.6275868067194914 0.019610662971146203 0.010509397757149553
7 0.27277451659715773 0.6396363748376025 0.017649596674031535 0.008878629139660796
7 0.3118324203480239 0.6581184191691414 0.01666906352547425 0.009965808217986729
7 0.2579030971773719 0.6521389342383495 0.017976441056884004 0.00924102216576944
