7 0.23602811110579905 0.19327066804645282 0.010358400662937653 0.01796596527538231
7 0.22616771047473344 0.22596872484764857 0.00976080062469122 0.01652868805335174
7 0.24519131169224392 0.2437550304702771 0.009163200586444825 0.022637116246981736
7 0.29280011473920736 0.24824652178912265 0.009960000637440056 0.017247326664367027
7 0.5820010028132816 0.5882563202703581 0.01050852241167586 0.01651827300101817
7 0.5951366558278764 0.6045038019107039 0.008857183175555413 0.015435107558328474
7 0.6070713348525654 0.6218344489937393 0.00960779191924648 0.015435107558328474
7 0.620732413987744 0.6371341608717316 0.009908035416722964 0.015164316197656017
7 0.6330423973842786 0.6539232252334222 0.009908035416722964 0.016789064361690628
7 0.6583379120466697 0.6864181885141137 0.009757913667984721 0.017330647083035413
7 0.6522579812227717 0.7390871081649012 0.00960779191924648 0.017059855722363085
7 0.6404734239468209 0.7245997703689262 0.009757913667984721 0.017330647083035413
7 0.6274128318065952 0.7097062455319425 0.010358400662937618 0.020038560689759847
7 0.6154781527819061 0.692917181170252 0.010208278914199377 0.01841381252572511
7 0.6026427432647877 0.6763989081692338 0.010658644160414102 0.01841381252572511
7 0.5896572119989311 0.6609638006109054 0.009307548421770067 0.017872229804380326
