7 0.7396218672312688 0.34623380091758393 0.02259994528434291 0.010550731709729585
7 0.6852035779281798 0.34071115228827237 0.019626268273245234 0.010715586892694076
7 0.7241587467735604 0.3584330844569587 0.01724732666436712 0.008242759148226206
7 0.7075061555114129 0.3710445059537449 0.019031532871025676 0.009067035063048807
7 0.6520470792544396 0.3652745745499865 0.017544694365476836 0.009726455794906984
7 0.6933811897086986 0.38316136190163746 0.02111310677879407 0.008572469514155261
7 0.6758364953432218 0.39634977653879944 0.018734165169915957 0.008902179880084314
7 0.6368813264978411 0.37829813400418394 0.015760488158818156 0.009067035063048876
7 0.6212695221895779 0.3911568382754169 0.019031532871025676 0.009396745428977931
7 0.6591839040810743 0.4083017773037275 0.018734165169915832 0.009396745428977931
7 0.6034274601229913 0.4032736942233095 0.017247326664366992 0.009891310977871477
7 0.5881130235158377 0.4166269640434361 0.01635522356103772 0.007913048782297222
7 0.24762700574514399 0.7057829549632126 0.019923635974355015 0.010221021343800459
7 0.24509938028571088 0.7524369717421729 0.020815739077684355 0.010221021343800459
7 0.22547311201246564 0.7715601729660579 0.021410474479903914 0.009231890246013369
7 0.19410081954538422 0.7625755654944913 0.016949958963257246 0.010056166160836039
