13 0.780233280818651 0.25031285848367923 0.04408342607715323 0.08994681405777454
13 0.6841169583881365 0.39435811867765147 0.04841950077326666 0.09907185316508503
13 0.634252099382832 0.4588851809364898 0.045528784309190995 0.10298258421107523
13 0.5890846546316504 0.5364480133486286 0.043360746961134344 0.0860360830117844
13 0.5388584560683365 0.605537595161122 0.045528784309190995 0.09125039107310462
13 0.49188431352710765 0.6713682344352905 0.0469741425412289 0.09255396808843465
13 0.3964906702126122 0.8160652831369277 0.04841950077326666 0.09255396808843477
13 0.9323572347406304 0.6361716550213786 0.04480610519317211 0.09516112211909482
13 0.8839377339673637 0.7046094483262071 0.04480610519317211 0.0938575451037648
13 0.7867373928628211 0.8460475544895193 0.045528784309191134 0.097768276149755
13 0.7390405712055734 0.9183960788403378 0.045528784309190995 0.09907185316508503
