13 0.24962630792227214 0.22073751812720116 0.08968609865470852 0.04661280298321939
13 0.39443198804185353 0.3160348042262275 0.09155455904334836 0.04868448311580694
13 0.4663677130044843 0.36368344727574065 0.08968609865470852 0.04661280298321939
13 0.5364349775784755 0.4118500103584007 0.09902840059790724 0.04764864304951313
13 0.6055680119581466 0.4594986534079138 0.09155455904334811 0.0476486430495132
13 0.6756352765321376 0.5076652164905738 0.0934230194319882 0.04661280298321939
13 0.8185724962630793 0.6045162626890408 0.09155455904334811 0.05179200331468823
13 0.6401345291479822 0.07002278848145846 0.09342301943198796 0.051792003314688216
13 0.712070254110613 0.11715351149782473 0.09902840059790749 0.04868448311580692
13 0.852204783258595 0.21193287756370416 0.08408071748878923 0.04972032318210068
13 0.9185351270553065 0.25854568054692356 0.10463378176382652 0.04972032318210068
