13 0.18516442451420032 0.3952765692977004 0.08034379671150967 0.04764864304951313
13 0.3299701046337818 0.49160969546302047 0.08221225710014939 0.05179200331468823
13 0.3916292974588939 0.5387404184793868 0.07473841554559052 0.04454112285063191
13 0.4626307922272049 0.585871141495753 0.08221225710014965 0.04764864304951313
13 0.5345665171898356 0.63455562461156 0.09902840059790724 0.0476486430495132
13 0.6008968609865472 0.683240107727367 0.09342301943198796 0.0476486430495132
13 0.749439461883408 0.7769836337269526 0.0952914798206278 0.052827843380981974
13 0.07866218236173395 0.7365858711414958 0.08034379671150967 0.050756163248394354
13 0.1431240657698057 0.7873420343898903 0.10837070254110609 0.052827843380981974
13 0.2869955156950673 0.8831572405220633 0.10463378176382665 0.045576962916925576
13 0.3579970104633783 0.9313238036047233 0.08968609865470864 0.04454112285063191
