13 0.3766169945220923 0.1088747523203671 0.050587538121323314 0.09646469913442487
13 0.2837527281136629 0.2503128584836792 0.054200933701417896 0.09255396808843465
13 0.187997745241158 0.3930545416623214 0.04914217988928555 0.09646469913442492
13 0.49513636954919277 0.544921263948274 0.05058753812132338 0.09516112211909482
13 0.4463555292179166 0.6172697882990928 0.048419500773266594 0.10167900719574507
13 0.35240724413545893 0.761315048493065 0.04986485900530443 0.10298258421107523
13 0.30290372468816396 0.8284492647825633 0.049142179889285584 0.0938575451037648
13 0.8391316287741916 0.6459484826363541 0.05203289635336122 0.09646469913442497
13 0.7422926272276584 0.7952080508916466 0.04625146342521002 0.10037543018041505
13 0.6942344660124011 0.861038690165815 0.04841950077326666 0.0938575451037648
13 0.6490670212612195 0.9340390030242987 0.04480610519317204 0.09646469913442497
