13 0.34951652767138336 0.0652049223068099 0.04841950077326666 0.09255396808843468
13 0.3014583664561261 0.13690165814996352 0.04914217988928555 0.09255396808843468
13 0.25412288435688785 0.20273229742413185 0.05131021723734226 0.09646469913442487
13 0.15872924104239236 0.34808113463343415 0.04986485900530446 0.08733966002711442
13 0.69495714512842 0.1649285639795599 0.045528784309190995 0.09907185316508496
13 0.6465376443551534 0.2379288768380436 0.04697414254122883 0.09646469913442485
13 0.5493373032506107 0.37936698300135574 0.04625146342520994 0.09516112211909476
13 0.5023631607093818 0.4491083533215143 0.04914217988928555 0.09907185316508503
13 0.8127538410395017 0.601626864115132 0.0469741425412289 0.09907185316508503
13 0.7155534999349588 0.7469757013244342 0.047696821657247784 0.09516112211909482
13 0.6176304797143972 0.882547710918761 0.04841950077326666 0.0951611221190947
