13 0.6083525621489834 0.1840195019520054 0.09033915277112635 0.051892570311415746
13 0.7438612913056729 0.28207232376136654 0.10013496451739291 0.05370277625251168
13 0.8869889851539029 0.3780132386394492 0.1034002350994818 0.05973679605616466
13 0.1729831512037964 0.30409649604469996 0.09469284688057815 0.04827215842922392
13 0.23883277460925592 0.3520669534837413 0.1044886586268449 0.04766875644885869
13 0.37923940963907876 0.4492146723225546 0.08925072924376339 0.04887556040958922
13 0.44835430362662715 0.49718512976159585 0.101223388044756 0.047065354468493394
13 0.06610721697360203 0.6477882300409711 0.09469284688057815 0.04827215842922413
13 0.13860348005282472 0.6941938650109318 0.09469284688057815 0.04827215842922413
13 0.2036259015774884 0.7405994999808925 0.09469284688057815 0.04827215842922413
13 0.34899211981366185 0.8367254581329538 0.09469284688057815 0.04827215842922413
