13 0.6504865947905734 0.15839096571148986 0.0918328403778266 0.04958808828002063
13 0.7912174410838659 0.2552530314851302 0.10614445186528002 0.05157161181122146
13 0.8615828642305123 0.3025270089787498 0.09660337754031116 0.04826573925922004
13 0.9289667016506057 0.3504621609827697 0.09064020608720554 0.04760456474881983
13 0.5467274115065356 0.502532298374833 0.08706230321534206 0.044959866707218694
13 0.6147075660719397 0.5494756886132525 0.10375918328403774 0.05157161181122146
13 0.7608052666730274 0.6453459926212924 0.08586966892472085 0.04760456474881983
13 0.8299780555290525 0.694934080901313 0.1073370861559011 0.052893960832022094
13 0.11022326113920425 0.6208825357364822 0.09898864612155325 0.05024926279042089
13 0.2539356931590497 0.7131163799373206 0.09064020608720534 0.04826573925922008
13 0.3898960022898578 0.8109702074765612 0.08825493750596325 0.04694339023841944
