13 0.4116669316490092 0.22684847220773804 0.025293769060661726 0.04562519553655231
13 0.36144073308569524 0.3031077276045469 0.027461806408718373 0.05214308061320262
13 0.3115758740803908 0.37480446344770046 0.028907164640756208 0.05214308061320262
13 0.47201063783658775 0.45497444989049957 0.024571089944642844 0.05083950359787254
13 0.447439547891945 0.4947335488580666 0.027461806408718373 0.0469287725518824
13 0.3968520097706217 0.5683856502242153 0.028907164640756208 0.048232349567212424
13 0.3719195802679694 0.604885806653457 0.02673912729269949 0.048232349567212424
13 0.6508737190512669 0.5071175305037021 0.025293769060661726 0.05344665762853265
13 0.5988408226979057 0.582724997392846 0.028184485524737325 0.05344665762853265
13 0.5760764305433101 0.6159662112837625 0.027461806408718373 0.05214308061320262
13 0.550421321924639 0.6544217332359996 0.025293769060661657 0.0508395035978726
13 0.5262115715380057 0.6915736781729065 0.027461806408718443 0.049535926582542446
13 0.5012791420353535 0.7306809886328085 0.025293769060661657 0.05214308061320262
13 0.45141428303004894 0.8043330899989571 0.025293769060661657 0.048232349567212424
