13 0.5085894223160116 0.3482890359375571 0.05358084938011074 0.024220378020692445
13 0.5831904510683198 0.398100756772566 0.04781060406225268 0.026048331078857942
13 0.6173997625956212 0.4227781230577998 0.046986283302558655 0.026048331078857873
13 0.6557306779213926 0.4474554893430336 0.04781060406225268 0.025134354549775192
13 0.6911764705882353 0.47121887909918475 0.049459245581640734 0.026962307607940623
13 0.7286830651543128 0.49703871604577193 0.046986283302558655 0.0255913428143165
13 0.8032840939066209 0.5473074251453222 0.05440517013980477 0.027419295872481996
13 0.45335993141651276 0.5260574708441486 0.055229490899498794 0.026962307607940623
13 0.48963004484304934 0.5509633312616532 0.0502835663413347 0.0255913428143165
13 0.5650553943550514 0.6014605344934741 0.04781060406225268 0.026962307607940623
13 0.6000890266420469 0.6259094066464372 0.04863492482194671 0.027419295872481927
13 0.22749604326035341 0.5868369100281504 0.05028356634133473 0.026048331078857873
13 0.30086059087312056 0.6384765839213248 0.053580849380110804 0.026962307607940692
13 0.3729886573463465 0.6882883047563337 0.05275652862041678 0.026048331078857803
