13 0.6232390174213263 0.3104055176358646 0.05357355450613127 0.028050182326185138
13 0.6986388348743997 0.361280848325514 0.0515893487836819 0.026400171601115404
13 0.7720544466050239 0.411056171865117 0.04762093733878328 0.026950175176138624
13 0.39852771935394254 0.3725559216134904 0.04662883447755865 0.022550146575952713
13 0.43374737092741766 0.39730608248953614 0.04762093733878328 0.022550146575952782
13 0.5056748283662049 0.447906411391674 0.050597245922457276 0.02915018947623158
13 0.5433747370927416 0.47100656154264997 0.04861304020000803 0.02475016087604574
13 0.19465058137227664 0.45065642926679017 0.05357355450613114 0.023650153725999226
13 0.2685622445335132 0.49988174923136985 0.05258145164490652 0.027500178751161845
13 0.303285844676376 0.5254569154699504 0.05456565736735589 0.028050182326185138
13 0.3404897019723004 0.5513070834960426 0.057541965951029825 0.028050182326185138
13 0.3762054049763879 0.5760572443720884 0.05357355450613127 0.026950175176138624
13 0.41390531370292466 0.6005324034606224 0.047620937338783344 0.024200157301022446
13 0.49029723401722286 0.6516827359377835 0.04960514306123265 0.029700193051254802
