13 0.5482532845765823 0.19491083533215145 0.028184485524737325 0.059964542705183026
13 0.4973044068972494 0.26595578266764003 0.02312573171260501 0.0430180415058922
13 0.47201063783658775 0.30180415058921684 0.023125731712604937 0.04171446449056205
13 0.44707820833393547 0.3396078840337887 0.025293769060661657 0.04171446449056211
13 0.4235911370633212 0.37806340598602567 0.024571089944642775 0.04562519553655225
13 0.39829736800265947 0.41586713943059755 0.02601644817668061 0.0508395035978726
13 0.34662581120730773 0.4908228178120764 0.028184485524737325 0.049535926582542446
13 0.6259412895486146 0.39566169569298154 0.02601644817668054 0.05214308061320262
13 0.6028155578360096 0.4334654291375535 0.027461806408718373 0.05214308061320262
13 0.5507826614826484 0.503858587965377 0.02601644817668054 0.0469287725518824
13 0.5276569297700434 0.5455730524559391 0.024571089944642775 0.05475023464386267
13 0.6873690144102216 0.624439461883408 0.02601644817668061 0.053446657628532776
13 0.6367814762888983 0.6967879862342268 0.027461806408718443 0.05214308061320262
13 0.5872779568416031 0.7691365105850453 0.028184485524737256 0.048232349567212424
