13 0.39492894839409676 0.20053013604925135 0.027388313617258835 0.05462871475260316
13 0.4585277728034046 0.19292961921410656 0.02765166278665558 0.05367865014821009
13 0.5218632480433156 0.18699171543664972 0.029495106972432662 0.05510374705479973
13 0.49842517196700764 0.4349585771832485 0.027388313617258835 0.05225355324162043
13 0.4664282478853062 0.44065896480960703 0.029231757803035843 0.05415368245040663
13 0.4025660743066017 0.44612183628486735 0.02896840863363917 0.05462871475260316
13 0.3699107773014084 0.45015961085353806 0.028441710294845747 0.05510374705479976
13 0.36872570603912314 0.6967013756935472 0.03028515448062276 0.05225355324162043
13 0.433772950880113 0.6864881811963216 0.028178361125449 0.05367865014821009
13 0.46544858897515046 0.6842460287299539 0.028178361125449 0.05367865014821009
13 0.49765092540898137 0.681053811659193 0.028178361125449 0.05367865014821009
13 0.5303799601816057 0.6773865622862356 0.028178361125449 0.05367865014821009
13 0.5615288999378497 0.6741943452154746 0.028178361125449 0.05367865014821009
13 0.6271765808850639 0.6653017405183553 0.02817836112544879 0.05367865014821009
