13 0.3013816168549741 0.3689824346986747 0.05636696144499838 0.02812392582227766
13 0.30790765839116163 0.4330147112436678 0.05636696144499838 0.02812392582227766
13 0.31004960292607164 0.4654509723586946 0.05636696144499838 0.02812392582227766
13 0.31469674574742584 0.49823444243449017 0.05636696144499838 0.02812392582227766
13 0.3205964877120024 0.5303234945887482 0.05636696144499838 0.02812392582227766
13 0.3214858331036901 0.5617181288214684 0.05636696144499838 0.02812392582227766
13 0.32989077335471095 0.62609761432723 0.05636696144499838 0.028123925822276883
13 0.5606320615276698 0.49812333556704386 0.056366961444998316 0.028123925822277168
13 0.557763609489691 0.4666731479006006 0.05636696144499812 0.028123925822277168
13 0.5523899591652677 0.4025853179218845 0.05636696144499806 0.028123925822277168
13 0.5488952075556777 0.3704407123339035 0.056366961444997934 0.028123925822277168
13 0.795920284590525 0.3931551225474023 0.05636696144499768 0.028123925822277168
13 0.8036989252699347 0.4571873990923954 0.05636696144499768 0.028123925822277168
13 0.8102249668061222 0.5219140935589262 0.05636696144499768 0.028123925822277168
