13 0.3724394667749014 0.3311979500320308 0.02822135690820767 0.05376590097922578
13 0.4371519894471151 0.32209206552576186 0.02822135690820767 0.05376590097922578
13 0.46856965284560054 0.31984991305939414 0.02822135690820767 0.05376590097922578
13 0.5012986876182248 0.3176077605930264 0.02822135690820767 0.05376590097922578
13 0.5329743257132624 0.31299044661567593 0.02822135690820767 0.05376590097922578
13 0.5651766621470932 0.30837313263832544 0.02822135690820767 0.05376590097922578
13 0.6295075972473241 0.3018556894521887 0.02822135690820788 0.05376590097922578
13 0.5002031550735346 0.5626484233580951 0.02822135690820767 0.05376590097922731
13 0.5318787931685721 0.5589811739851377 0.02822135690820767 0.05376590097922712
13 0.5962097282688029 0.5529387631011975 0.02822135690820767 0.05376590097922699
13 0.628148715533237 0.5473713845194539 0.0282213569082076 0.05376590097922693
13 0.6047106394569289 0.7962883108704459 0.02822135690820767 0.05376590097922705
13 0.5405271798915605 0.8030717721458126 0.02822135690820767 0.05376590097922705
13 0.47634372032619193 0.8098552334211794 0.02822135690820767 0.05376590097922705
