9 0.41275095032303755 0.09583898216706643 0.07226791160189056 0.13557200959432686
9 0.5403038143003743 0.2835540723745959 0.06287308309364473 0.11471477734904575
9 0.6053449347420757 0.3748044634477005 0.06865451602179592 0.14339347168630726
9 0.669302036509749 0.4686620085514652 0.06215040397762585 0.13557200959432686
9 0.7328977987194125 0.5599123996245698 0.07082255336985271 0.13557200959432686
9 0.7957708818130572 0.6576806757743247 0.06215040397762585 0.12775054750234646
9 0.29206353794788037 0.36567942434039 0.07226791160189051 0.11992908541036605
9 0.3621634122017142 0.46931379705913023 0.06648647867373929 0.11862550839503597
9 0.49441369043317385 0.6850557930962561 0.0794947027620796 0.14860777974762748
9 0.5692109789411305 0.7776097611846908 0.07299059071790943 0.16685785796224833
9 0.6378654949629264 0.8910209615184066 0.06865451602179608 0.1407863176556471
