9 0.65695067264574 0.2020923969339134 0.12705530642750365 0.06318624404391959
9 0.5612855007473841 0.2671431530971618 0.12705530642750365 0.06318624404391959
9 0.467488789237668 0.3311580691941165 0.12705530642750365 0.06318624404391966
9 0.37369207772795193 0.39517298529107114 0.12705530642750365 0.06318624404391966
9 0.2761584454409564 0.4581520613217319 0.12705530642750365 0.06318624404391966
9 0.09454409566517169 0.5853532214626062 0.12705530642750365 0.06318624404391966
9 0.47346786248131517 0.6359022166977417 0.12705530642750365 0.06318624404391966
9 0.37032884902840035 0.7061321731924589 0.12705530642750365 0.06318624404391966
9 0.6853512705530642 0.5042469442718044 0.13378176382660703 0.07416614874663367
9 0.7914798206278026 0.4336026517505696 0.13378176382660703 0.07416614874663367
9 0.8938714499252615 0.36399419929562865 0.13378176382660703 0.07416614874663367
