9 0.3610793935276858 0.10952654082803212 0.08166274011013623 0.14208989467097713
9 0.4337086446875858 0.20468766294712692 0.07082255336985271 0.13426843257899676
9 0.504169858499429 0.31158097820419234 0.07299059071790943 0.13166127854833665
9 0.6385881740789453 0.5260193972259881 0.06576379955772033 0.11992908541036593
9 0.7074450402532266 0.6319741370320159 0.06576379955772041 0.11992908541036593
9 0.2024946883084971 0.3364271561163834 0.06576379955772019 0.11992908541036593
9 0.26701547978666496 0.43456043383043075 0.06576379955772019 0.11992908541036593
9 0.32792287568473827 0.5248722494524976 0.06576379955772016 0.11992908541036586
9 0.39461170451096284 0.6190947961205548 0.06576379955772012 0.11992908541036586
9 0.45768713775709285 0.7159244968192722 0.06576379955772012 0.11992908541036579
9 0.5850810123289055 0.904004588591094 0.06576379955772012 0.11992908541036579
