9 0.9054559043348281 0.4108141702921069 0.1307922272047831 0.06836544437538844
9 0.7219730941704036 0.5411228506318624 0.1307922272047831 0.06836544437538844
9 0.6225710014947682 0.6030660865962294 0.1307922272047831 0.06836544437538829
9 0.530642750373692 0.6691526828257716 0.1307922272047831 0.06836544437538837
9 0.43310911808669644 0.7310959187901387 0.1307922272047831 0.06836544437538844
9 0.335575485799701 0.7940749948207996 0.1307922272047831 0.06836544437538844
9 0.6341554559043346 0.29252123472135894 0.1307922272047831 0.06836544437538847
9 0.5254110612855005 0.3606795110834885 0.1307922272047831 0.06836544437538851
9 0.31390134529147956 0.49513155168841916 0.1307922272047831 0.06836544437538851
9 0.2126307922272046 0.5663973482494301 0.1307922272047831 0.06836544437538851
9 0.10949177877428981 0.6366273047441473 0.1307922272047831 0.06836544437538844
