11 0.3809611438452003 0.02988075256156525 0.03541531399842366 0.05699326101660947
11 0.3797181357656478 0.027638600095197537 0.03541531399842366 0.05699326101660947
11 0.43373690588206704 0.3348886439361675 0.035415313998423584 0.06576145501916479
11 0.44117412182173593 0.17231380113736 0.03541531399842366 0.05699326101660942
11 0.5125533399765981 0.18269784803467193 0.03541531399842366 0.05699326101660948
11 0.5154768394262719 0.11532054012075055 0.03541531399842366 0.05699326101660945
11 0.4458892195089771 0.10691559986972968 0.03541531399842366 0.05699326101660945
11 0.4505487637624951 0.04016459152741939 0.03541531399842366 0.05699326101660946
11 0.5279763620139509 0.3539406769045769 0.035415313998423584 0.06576145501916479
11 0.4170153223314388 0.6892739935365881 0.035415313998423584 0.06576145501916465
11 0.4643815687595267 0.6939211363579425 0.035415313998423584 0.06576145501916465
11 0.515219904795303 0.7035786757521857 0.035415313998423584 0.06576145501916465
11 0.5046578082087143 0.8774269108399928 0.035415313998423584 0.06576145501916465
11 0.45445833666075264 0.8645376656562367 0.035415313998423584 0.06576145501916465
11 0.4073837457597106 0.8585377157602023 0.035415313998423584 0.06576145501916465
