11 0.49257202429880304 0.11686315637205266 0.032077627859419804 0.06419065528714017
11 0.541450309749594 0.13089469116157967 0.032077627859419804 0.06419065528714028
11 0.5898273822650815 0.13226891364096635 0.032077627859419804 0.06419065528714024
11 0.4843320836424146 0.29185953999710695 0.032077627859419804 0.06419065528714023
11 0.5342127949638124 0.3022746998408795 0.032077627859419804 0.06419065528714016
11 0.5800838028027828 0.3081693910024591 0.032077627859419804 0.06419065528714016
11 0.5650474147436797 0.6598618544770722 0.032077627859419804 0.06419065528714016
11 0.47108001363299185 0.6422501084912483 0.032077627859419804 0.06419065528714016
11 0.549770444475631 0.9586829162447563 0.032077627859419804 0.06419065528714016
11 0.5530383528138093 0.8958664834370027 0.032077627859419804 0.06419065528714016
11 0.5563062611519877 0.8185845508462318 0.032077627859419804 0.06419065528714016
11 0.48338980332404413 0.8796289599305656 0.032077627859419804 0.06419065528714016
11 0.48615649872691913 0.8131961521770578 0.032077627859419804 0.06419065528714016
11 0.6176948214679523 0.9654817011427747 0.032077627859419804 0.06419065528714016
