11 0.136572399826414 0.40736582529721926 0.06599884276001736 0.031075201988812997
11 0.11986474757702877 0.5053629784077467 0.06599884276001736 0.031075201988812997
11 0.1275676262114856 0.4565047414743679 0.06599884276001736 0.031075201988812997
11 0.2934869087226964 0.5134024338900137 0.06599884276001736 0.031075201988812997
11 0.3002856936207146 0.46504540989193843 0.0659988427600174 0.031075201988812997
11 0.3079885722551714 0.41819202469977335 0.06599884276001733 0.031075201988812997
11 0.8219839432952408 0.44301208925599944 0.06599884276001736 0.031075201988812997
11 0.6443476059597859 0.5279777060486375 0.06599884276001736 0.031075201988812997
11 0.6574750470128743 0.4325066661320396 0.06599884276001736 0.031075201988812997
11 0.8141906552871402 0.5146253934521542 0.05243743671343855 0.03408247960063355
11 0.8753616374945753 0.5167104392630164 0.06599884276001736 0.031075201988812997
11 0.8884890785476638 0.44630004611158997 0.06599884276001736 0.031075201988812997
11 0.9531498625777521 0.4495679544497683 0.06599884276001736 0.031075201988812997
11 0.9635650224215246 0.38116241303955567 0.06599884276001736 0.031075201988812997
