11 0.8755229181087669 0.49178488452121244 0.06094441267643778 0.03462069483317416
11 0.35562945797092727 0.4705202697911496 0.06094441267643778 0.03462069483317416
11 0.8612574111415415 0.5894069016146591 0.06094441267643778 0.03462069483317416
11 0.869548860866163 0.5422810449610204 0.06094441267643778 0.03462069483317416
11 0.6882354711529779 0.5789956661563936 0.06094441267643778 0.03462069483317416
11 0.6950221205646011 0.5310355758923171 0.06094441267643778 0.03462069483317416
11 0.7033135702892226 0.48349260243345943 0.06094441267643778 0.03462069483317416
11 0.04114124055737804 0.5472781042875435 0.06094441267643778 0.03462069483317416
11 0.10661510217594128 0.5518747314810566 0.0609444126764378 0.03462069483317416
11 0.17284136395100375 0.5543857746484747 0.06094441267643781 0.03462069483317416
11 0.3383844463839648 0.5639878035046154 0.06094441267643778 0.03462069483317416
11 0.1811478616787552 0.48307548562824043 0.06094441267643778 0.03462069483317416
11 0.11871369669244893 0.4818324775486879 0.06094441267643778 0.03462069483317416
11 0.029885334216149542 0.6169532954313196 0.06094441267643778 0.03462069483317416
