14 0.5569880418535129 0.24870519991713283 0.1625560538116592 0.08597472550238242
14 0.5790358744394621 0.33965195773772533 0.1625560538116592 0.08597472550238242
14 0.5973467862481318 0.42956287549202404 0.1625560538116592 0.08597472550238237
14 0.6231315396113604 0.518437953180029 0.1625560538116592 0.08597472550238237
14 0.6582585949177878 0.6974311166355914 0.1625560538116592 0.08597472550238253
14 0.7045964125560538 0.8867826807540916 0.1625560538116592 0.08597472550238223
14 0.352952167414051 0.9052206339341207 0.1625560538116592 0.08597472550238253
14 0.33576233183856513 0.8169670602858918 0.1625560538116592 0.08597472550238237
14 0.29801943198804204 0.6334162005386369 0.1625560538116592 0.08597472550238237
14 0.27522421524663704 0.5451626268904082 0.1625560538116592 0.08597472550238237
14 0.25242899850523187 0.4610524135073544 0.1625560538116592 0.08597472550238244
14 0.23710762331838564 0.371762999792832 0.1625560538116592 0.08597472550238244
