14 0.8861057713154203 0.28942016894358114 0.09394828508245766 0.16555428094691835
14 0.5454637431887494 0.7263009698612994 0.08579646465376449 0.16258212535196592
14 0.6364634974778497 0.7033840859317967 0.09394828508245731 0.1655542809469183
14 0.24786448321216414 0.4430336844300762 0.09394828508245777 0.16555428094691835
14 0.33767904375099345 0.42254145374908736 0.09394828508245759 0.16555428094691835
14 0.4289389625218609 0.3955313379914486 0.09394828508245766 0.16555428094691835
14 0.5201988812927284 0.37503910731045986 0.09394828508245759 0.16555428094691835
14 0.7017936895659589 0.3336896443841902 0.09394828508245766 0.16555428094691835
14 0.8125659444693366 0.6560381687350088 0.09394828508245766 0.16555428094691843
14 0.9067165797042797 0.6381530920846803 0.09394828508245766 0.1655542809469183
14 0.45749924118692814 0.7449160496402129 0.08579646465376449 0.16258212535196592
14 0.3724254556491826 0.762227552403796 0.08579646465376449 0.16258212535196592
