14 0.8275687629178891 0.2842058608822609 0.06937719513781482 0.12123266242569607
14 0.5553210863312471 0.34583898216706643 0.06937719513781475 0.12123266242569607
14 0.48181016664980403 0.36445406194597973 0.06937719513781468 0.12123266242569607
14 0.4119126425484555 0.3726405256022526 0.06937719513781475 0.12123266242569607
14 0.4330726870654892 0.6454531233705287 0.06937719513781489 0.12123266242569607
14 0.5792562186537934 0.6106215455209094 0.06937719513781516 0.12123266242569607
14 0.6488357639440934 0.592736468870581 0.06937719513781482 0.12123266242569607
14 0.7877925043722085 0.5618156220669518 0.06937719513781482 0.12123266242569614
14 0.8566493705464899 0.5413233913859631 0.06937719513781482 0.12123266242569607
14 0.9247835576047524 0.5273490457816248 0.06937719513781482 0.12123266242569614
14 0.5574891236793037 0.47880383773073315 0.06937719513781453 0.12123266242569607
14 0.7571509098530071 0.2979716341641464 0.06937719513781482 0.12123266242569607
14 0.6901441022157342 0.3113724058817395 0.06937719513781482 0.12123266242569607
11 0.23192218191278705 0.3666962144123475 0.063913741020712 0.11268119720513088
11 0.13239481405466344 0.8037595161122119 0.063913741020712 0.11268119720513088
11 0.23449491956581436 0.48996245698195856 0.063913741020712 0.11268119720513088
11 0.11617789469119912 0.47598811137762015 0.0639137410207119 0.11268119720513088
