14 0.7130044843049327 0.8272218769422001 0.1307922272047832 0.06629376424280095
14 0.7032884902840061 0.758649264553553 0.1307922272047832 0.06629376424280081
14 0.6860986547085204 0.6911124922311994 0.1307922272047832 0.06629376424280081
14 0.655829596412556 0.5552102755334576 0.1307922272047832 0.06629376424280095
14 0.6386397608370703 0.48249430287963535 0.1307922272047832 0.06629376424280095
14 0.6214499252615846 0.41288585042469444 0.1307922272047832 0.06629376424280095
14 0.46599402092675635 0.9233478350942613 0.1307922272047832 0.06629376424280081
14 0.45627802690582964 0.855811062771908 0.1307922272047832 0.06629376424280095
14 0.4334828101644245 0.7882742904495547 0.1307922272047832 0.06629376424280095
14 0.40134529147982057 0.6503003936192252 0.1307922272047832 0.06629376424280088
14 0.39162929745889397 0.5806919411642842 0.1307922272047832 0.06629376424280095
14 0.5239162929745887 0.5587321317588565 0.1307922272047832 0.06629376424280095
14 0.349775784753363 0.43525999585663966 0.1307922272047832 0.06629376424280088
14 0.521674140508221 0.5574891236793039 0.1307922272047832 0.06629376424280095
11 0.1991778774289986 0.13476279262481874 0.13079222720478334 0.06525792417650716
11 0.6322869955156953 0.2298529107105863 0.13079222720478334 0.06525792417650718
11 0.5052316890881915 0.23865755127408328 0.11509715994020935 0.06380774808369581
11 0.5138266068759344 0.11756784752434224 0.13079222720478334 0.06525792417650716
