11 0.10115499643365132 0.05041833448701357 0.027529709144451707 0.048906010172450116
11 0.21105906635872446 0.24605742317994403 0.027529709144451724 0.04890601017245013
11 0.18793197659140487 0.20845246335811235 0.02752970914445169 0.04890601017245007
11 0.14581152160039373 0.12796069461582443 0.02752970914445169 0.048906010172450005
11 0.24092249552642228 0.10991813886297287 0.027529709144451724 0.0489060101724501
11 0.21757229677026454 0.07080837872814279 0.02752970914445169 0.048906010172450116
11 0.19714191565063963 0.03245101874981189 0.02752970914445169 0.048906010172450116
11 0.32038596303006456 0.5827452946993933 0.027529709144451724 0.048906010172450005
11 0.3213109922985686 0.5088064063898722 0.027529709144451513 0.04890601017245013
11 0.3220336714145876 0.6769678413674506 0.027529709144451724 0.04890601017244994
0 0.31389708059948024 0.771767898899816 0.03727297569091758 0.0716482672749326
0 0.3126540725199277 0.9546336826103176 0.03727297569091751 0.0716482672749326
