0 0.04509338673864772 0.31344922674036213 0.06748225869650396 0.03922112872374449
0 0.22679481039662147 0.3128096206411749 0.06748225869650396 0.03922112872374449
11 0.3231855979798859 0.3218968544654764 0.05550959989551141 0.028359893077169084
11 0.7525360268187558 0.21024938603848495 0.0501327876703383 0.027189293235260408
11 0.4884953633157734 0.3218244462278325 0.05550959989551141 0.028359893077169084
11 0.41332883451608693 0.32118484012864534 0.05550959989551141 0.028359893077169084
11 0.7927423919195437 0.18849071062651226 0.0501327876703383 0.027189293235260408
11 0.8721320040053986 0.14440616194102346 0.0501327876703383 0.02718929323526039
11 0.9449910749270757 0.10152841721626527 0.0501327876703383 0.027189293235260426
11 0.9656058165353303 0.19924333391662188 0.0501327876703383 0.027189293235260408
11 0.9263572641386215 0.21972279713022014 0.0501327876703383 0.027189293235260408
11 0.8892855587966388 0.241409064304549 0.0501327876703383 0.027189293235260408
