0 0.6841169583881364 0.04499947856919386 0.03974735138103965 0.07039315882782354
0 0.6872100250046974 0.22525810824903533 0.03974735138103965 0.07039315882782354
11 0.6778151964964515 0.3230263843987902 0.030670501683842288 0.056627385545938116
11 0.7888909766285574 0.7502085723224529 0.028213392689377864 0.04958806966315564
11 0.6780609073958981 0.4877203045155908 0.027288363420873735 0.05574095317551361
11 0.6788847615881596 0.4155542809469183 0.02853137150042625 0.056679528626551304
11 0.8093283420295719 0.7909844613619774 0.028213392689377864 0.04958806966315564
11 0.8543367973752295 0.8708676608614039 0.028213392689377864 0.04958806966315564
11 0.8971772153728301 0.9455365522995098 0.028213392689377864 0.04958806966315564
11 0.8012632430948011 0.9641516320784232 0.028213392689377864 0.04958806966315564
11 0.7805078988827381 0.9254093231828137 0.028213392689377864 0.04958806966315564
11 0.7583071964386374 0.8879705913025342 0.028213392689377864 0.04958806966315564
11 0.8080853339500195 0.7887423088956097 0.028213392689377864 0.04958806966315564
