0 0.9546013730703597 0.6833079415016197 0.06944720028572561 0.04125026812674287
0 0.7694452160800032 0.6848864517619364 0.06672883844596995 0.03809324760610948
11 0.6770506766141513 0.6779399066093929 0.05904996230009119 0.03218620921035998
11 0.11230604389063055 0.7578334259172683 0.053573554506131174 0.026400171601115473
11 0.5842692170324219 0.6776539047503808 0.05904996230009119 0.03218620921035998
11 0.5094944243819198 0.6774504034276221 0.05089487678082461 0.028765186973715367
11 0.06839557125282744 0.7802405715637151 0.053573554506131174 0.026400171601115473
11 0.03341402436604627 0.8015477100601153 0.053573554506131174 0.026400171601115473
11 0.0549823405690702 0.8971053311846525 0.053573554506131174 0.026400171601115473
11 0.12814000555577598 0.8546120549783571 0.053573554506131174 0.026400171601115473
11 0.20824239057105434 0.8104687680469921 0.053573554506131174 0.026400171601115473
11 0.24866066113734667 0.789425631266603 0.053573554506131174 0.026400171601115473
