3 0.7125133374524161 0.48940886082670615 0.09250031560752019 0.13365734425360845
3 0.04371900066520354 0.2161296622100967 0.0886810094099596 0.1281296597467944
3 0.39977257291747587 0.36646021000472956 0.09989076641644655 0.13716344448483045
3 0.6119701890489045 0.44889720352241275 0.10052160212088253 0.1482694138325918
3 0.809086013395422 0.5301140532502046 0.09756596804109695 0.12690016400119114
3 0.940166718578646 0.5874815688340603 0.09620362086796923 0.13746170933471133
3 0.49917722029890454 0.40628667583380046 0.09806987793272218 0.12978886488841787
10 0.27840847105969374 0.33196145683349837 0.03598228316860013 0.09611462935104476
4 0.24020765298693442 0.3086795713397034 0.029998500087963578 0.07489239554147126
4 0.20128415579815617 0.29061199390722875 0.024014717007327026 0.06670593188519847
4 0.16741941242151026 0.27254441647475397 0.02525772508687954 0.07155523838222629
4 0.13319332948685492 0.2603429356112646 0.025778054050413175 0.0724938138332639
4 0.10221930257428465 0.25074860877843524 0.027021062129965693 0.07082523525364148
