3 0.38682445196574927 0.5447586470120691 0.09199568497756758 0.14327229726474916
3 0.603017765075877 0.6342083764580968 0.09589036523073372 0.13556979055361898
3 0.956826180979063 0.7760528427602998 0.0834505734345867 0.13949694441038396
3 0.062000298366700735 0.4073075606683979 0.09377261316502146 0.14035537103900994
3 0.19458795882960592 0.4649601923510633 0.08923432781060635 0.13146729747276134
3 0.28915711587226633 0.5080494046745814 0.09269595812980694 0.13218979771361758
3 0.5006220351101227 0.5909770230006743 0.09917784240988191 0.13725763158413326
10 0.7199676728481892 0.6689401794268099 0.03453240113467379 0.08698146198275489
4 0.7594548597474621 0.6893281239465722 0.02927129717005609 0.06966995921917174
4 0.7950684865848736 0.7040324726794953 0.02927129717005609 0.06966995921917174
4 0.8314047925383042 0.7226475524584087 0.02927129717005609 0.06966995921917174
4 0.8641277029116402 0.7308340161146815 0.02927129717005609 0.06966995921917174
4 0.8954052550529384 0.7442347878322746 0.02927129717005609 0.06966995921917174
