3 0.5042100230674572 0.7097173658789426 0.13933073993220993 0.08794502177691889
3 0.4666458095670281 0.8055328881244173 0.1409044137450077 0.09454812286357986
3 0.775921295576566 0.04202991216504255 0.14267604126523964 0.0845877853071119
3 0.5887364272044913 0.496936293104704 0.1438319458555213 0.09540944309839185
3 0.4047018829482553 0.9358813734510953 0.15766831470711884 0.09583801686800807
3 0.6299367656622232 0.3964188447126029 0.1430783806360356 0.09610085875592371
3 0.5451810691388733 0.6089623583407784 0.14950137288046525 0.08732799390149161
10 0.6728325859491779 0.27874456183965196 0.0952914798206278 0.03832608245286929
4 0.7389760837070256 0.13206960845245494 0.07884902840059782 0.02921068986948415
4 0.7460762331838566 0.10078723845038326 0.07884902840059782 0.02921068986948415
4 0.7251494768310912 0.16583799461363166 0.07884902840059782 0.02921068986948415
4 0.7042227204783258 0.2029210689869484 0.07884902840059782 0.029210689869484115
4 0.6870328849028401 0.24103998342655894 0.07884902840059782 0.029210689869484115
