3 0.45074043787113754 0.384848016770898 0.1525270949564707 0.09175787926312927
3 0.4908878514584939 0.28727796138481293 0.13866732473330648 0.08917602387328115
3 0.4104123992235671 0.4992483457917378 0.13911807483621777 0.09313479293718924
3 0.21973273786194122 0.9531091058232014 0.14025115966796875 0.08322471680294437
3 0.5915588242056123 0.06163945918204697 0.1443287118133408 0.08996412871119544
3 0.5363372665884248 0.1935466673894281 0.13629588311028587 0.0895217791190423
3 0.3664926092720887 0.5995145410095556 0.14214930512979962 0.09568582728014294
10 0.3243647234678626 0.7184586699813549 0.10089686098654721 0.03729024238657551
4 0.3122197309417041 0.7624818727988399 0.08034379671150967 0.02796768178993163
4 0.29689835575485796 0.7964574269732754 0.08034379671150967 0.02796768178993163
4 0.27970852017937226 0.8314688212140046 0.08034379671150967 0.02796768178993163
4 0.2681240657698057 0.8633726952558525 0.08034379671150967 0.02796768178993163
4 0.258408071748879 0.8942407292314067 0.08034379671150967 0.02796768178993163
