3 0.8269378681076173 0.7322064386889539 0.09314617301604257 0.1303175169256236
3 0.11325683973085961 0.3446559392817886 0.09624037852266547 0.13435591282865927
3 0.21162094011893545 0.3842432338560643 0.09587062079392285 0.13230314383057734
3 0.34317867262456786 0.44310736549274804 0.09701018395669864 0.13846297328247617
3 0.031363338472829835 0.30641143525127873 0.06396968502521218 0.13764091457486688
7 0.5505481290846896 0.7793643421121776 0.12147926913795447 0.21912059014153587
10 0.5093674850017266 0.5300035137542907 0.029352098376444865 0.09371077413913996
11 0.7528263943176079 0.3698552991242687 0.09596130105558576 0.18742505744968294
11 0.666573267830611 0.8865240464830613 0.09608955454426274 0.17690444741013872
11 0.8720359825954591 0.4022473732986792 0.09567164011517246 0.18473063242275084
10 0.4786969833178841 0.5176977467295748 0.029352098376444865 0.09371077413913996
10 0.44710145236553755 0.5063305551558968 0.029352098376444865 0.09371077413913996
