3 0.8856788383943831 0.6496310383749649 0.08968458063043816 0.1400777363456418
3 0.17446998515582512 0.26266706150208885 0.0959110295572512 0.13463861097669388
3 0.7876790996809936 0.6140010474508654 0.09588088183168893 0.1369067136482273
3 0.6555195506720012 0.5550095596655602 0.09587352271403045 0.1362927697699166
3 0.9709624769970672 0.6850407348085412 0.06348301121135021 0.15654710162380886
7 0.45205413457990207 0.21348869854024707 0.1233648344031619 0.21251605765167372
11 0.3305844626417806 0.10838213469415502 0.08989609836272529 0.1899156452828993
11 0.24494195325245688 0.6268778574306334 0.09785547724712554 0.20145624956207958
11 0.12546350824084615 0.5871142058094521 0.09560438859084883 0.19396986341262612
10 0.4879095783890037 0.46409948899781 0.033243239336869644 0.08473250599645438
10 0.5213551678783587 0.4761966837000729 0.033243239336869644 0.08473250599645438
10 0.5511873617876191 0.4856867243716759 0.033243239336869644 0.08473250599645438
