3 0.7329608250091963 0.17003545292865568 0.14148352926622057 0.09406851892370552
3 0.3458363314915131 0.8818738331625815 0.14916680853463074 0.08935159952318987
3 0.384485578323159 0.787136914790825 0.14258938092287346 0.0923900047098353
3 0.3093714265010817 0.9711057142562344 0.15611686193354996 0.0545626984685752
3 0.44487326241394864 0.654305637660717 0.14651643214204385 0.09270599156599596
7 0.7845167493606362 0.45093596596537056 0.19714547058926568 0.12966090096236016
10 0.5326742676876052 0.4891707865081022 0.0802962184843282 0.03034074434415134
11 0.889046023244815 0.32895951066571333 0.18132751191143498 0.0886753762709272
11 0.4033077907134599 0.12407252831515352 0.19275566066861688 0.09971489678116745
11 0.3714064439850538 0.24046227056243685 0.2083171108912994 0.09423792088083631
10 0.5080105905575604 0.5552573827376444 0.0802962184843282 0.03034074434415134
10 0.5169792004230312 0.5177599723378101 0.0802962184843282 0.03034074434415134
