10 0.08142674443576313 0.2502910959113587 0.0630524278635688 0.06124066841563577
10 0.7005621887328454 0.3099301804184009 0.07038830319513362 0.0503048612650399
10 0.16137535186281876 0.22222365279109868 0.0630524278635688 0.06124066841563577
10 0.326204595894649 0.16544548377701418 0.0630524278635688 0.06124066841563577
10 0.4951784022606968 0.11205301357116369 0.06305242786356886 0.06124066841563577
10 0.28722498714133354 0.4478296928777726 0.07038830319513374 0.050304861265039955
10 0.3701991250723679 0.41982996373367726 0.07038830319513374 0.0503048612650399
10 0.4511009818362937 0.39267665929164036 0.07038830319513362 0.0503048612650399
15 0.6856210415179913 0.4761849203967325 0.06122882043651317 0.058058111535895816
15 0.5178491582288667 0.5336740861605461 0.06122882043651317 0.05805811153589577
15 0.7925093041174608 0.8730226777098418 0.06122882043651317 0.05805811153589577
15 0.8713388797142778 0.8484086473739806 0.06122882043651317 0.05805811153589577
15 0.9512045958946491 0.8204089182298854 0.061228820436513294 0.05805811153589577
15 0.8795865587593706 0.6753486527910987 0.0699324013383702 0.0440074614817245
15 0.8019589062394766 0.7040593786849232 0.06993240133837007 0.0440074614817245
15 0.7232951131360287 0.7302308304725722 0.06993240133836982 0.0440074614817245
15 0.6394506171148084 0.7589415563663967 0.06993240133836982 0.0440074614817245
15 0.6802952789185218 0.9215228131377944 0.060938701073118 0.05274256440696815
15 0.3529577457620232 0.5938887394649884 0.06093870107311788 0.05274256440696815
15 0.28051079615990127 0.6217530406567544 0.06093870107311788 0.05274256440696815
