10 0.9164180831504437 0.7479483407083597 0.0630524278635688 0.06124066841563567
10 0.2972826388533615 0.6883092562013173 0.07038830319513367 0.05030486126504
10 0.8364694757233881 0.7760157838286197 0.0630524278635688 0.06124066841563587
10 0.671640231691558 0.8327939528427042 0.0630524278635688 0.06124066841563587
10 0.5026664253255101 0.8861864230485547 0.06305242786356886 0.06124066841563587
10 0.7106198404448734 0.5504097437419457 0.07038830319513374 0.05030486126504
10 0.6276457025138389 0.5784094728860412 0.07038830319513374 0.0503048612650399
10 0.5467438457499132 0.605562777328078 0.07038830319513362 0.05030486126504
15 0.31222378606821555 0.5220545162229858 0.06122882043651317 0.05805811153589577
15 0.47999566935734017 0.46456535045917224 0.06122882043651317 0.05805811153589577
15 0.20533552346874603 0.12521675890987655 0.06122882043651317 0.05805811153589577
15 0.12650594787192904 0.14983078924573776 0.06122882043651317 0.05805811153589577
15 0.04664023169155775 0.17783051838983296 0.06122882043651329 0.05805811153589577
15 0.11825826882683628 0.32289078382861963 0.0699324013383701 0.0440074614817245
15 0.19588592134673014 0.2941800579347951 0.06993240133837002 0.0440074614817245
15 0.2745497144501783 0.2680086061471461 0.06993240133836974 0.0440074614817245
15 0.35839421047139847 0.2392978802533216 0.06993240133836977 0.0440074614817245
15 0.31754954866768503 0.07671662348192389 0.060938701073118 0.05274256440696815
15 0.6448870818241837 0.4043506971547299 0.06093870107311788 0.05274256440696815
15 0.7173340314263056 0.3764863959629639 0.06093870107311788 0.05274256440696815
