10 0.7479483407083597 0.08142674443576313 0.06124066841563567 0.0630524278635688
10 0.6883092562013173 0.7005621887328454 0.05030486126504 0.07038830319513362
10 0.7760157838286197 0.16137535186281876 0.06124066841563587 0.0630524278635688
10 0.8327939528427042 0.326204595894649 0.06124066841563587 0.0630524278635688
10 0.8861864230485547 0.4951784022606968 0.06124066841563587 0.06305242786356886
10 0.5504097437419457 0.28722498714133354 0.05030486126504 0.07038830319513374
10 0.5784094728860412 0.3701991250723679 0.0503048612650399 0.07038830319513374
10 0.605562777328078 0.4511009818362937 0.05030486126504 0.07038830319513362
15 0.5220545162229858 0.6856210415179913 0.05805811153589577 0.06122882043651317
15 0.46456535045917224 0.5178491582288667 0.05805811153589577 0.06122882043651317
15 0.12521675890987655 0.7925093041174608 0.05805811153589577 0.06122882043651317
15 0.14983078924573776 0.8713388797142778 0.05805811153589577 0.06122882043651317
15 0.17783051838983296 0.9512045958946491 0.05805811153589577 0.061228820436513294
15 0.32289078382861963 0.8795865587593706 0.0440074614817245 0.0699324013383702
15 0.2941800579347951 0.8019589062394766 0.0440074614817245 0.06993240133837007
15 0.2680086061471461 0.7232951131360287 0.0440074614817245 0.06993240133836982
15 0.2392978802533216 0.6394506171148084 0.0440074614817245 0.06993240133836982
15 0.07671662348192389 0.6802952789185218 0.05274256440696815 0.060938701073118
15 0.4043506971547299 0.3529577457620232 0.05274256440696815 0.06093870107311788
15 0.3764863959629639 0.28051079615990127 0.05274256440696815 0.06093870107311788
