15 0.5178426327193932 0.2147919429708223 0.04570693391115935 0.07563826259946976
15 0.6853670097508124 0.7151649535809018 0.04570693391115935 0.07563826259946954
15 0.5473320693391116 0.7886480437665782 0.04570693391115935 0.07563826259946979
15 0.44653981581798474 0.48601210212201595 0.04570693391115935 0.07563826259946972
15 0.38722237269772464 0.5159772877984085 0.04570693391115935 0.07563826259946972
15 0.3727654387865654 0.2858711870026524 0.04570693391115935 0.07563826259946949
15 0.32106581798483197 0.3168725132625995 0.04570693391115935 0.07563826259946972
15 0.9680051462621886 0.5752030835543765 0.04570693391115925 0.07563826259946954
15 0.9137662513542795 0.6051682692307692 0.04570693391115935 0.07563826259946954
15 0.8552952329360779 0.6361695954907163 0.04570693391115935 0.07563826259946954
