15 0.4803968039003251 0.7830528846153846 0.04570693391115935 0.07563826259946979
15 0.3128724268689059 0.28267987400530514 0.04570693391115935 0.07563826259946954
15 0.45090736728060676 0.20919678381962867 0.04570693391115935 0.07563826259946979
15 0.5516996208017335 0.5118327254641909 0.04570693391115935 0.07563826259946972
15 0.6110170639219936 0.4818675397877984 0.04570693391115935 0.07563826259946972
15 0.6254739978331529 0.7119736405835545 0.04570693391115935 0.07563826259946942
15 0.6771736186348865 0.6809723143236074 0.04570693391115935 0.07563826259946979
15 0.030234290357529864 0.4226417440318303 0.04570693391115925 0.07563826259946954
15 0.08447318526543883 0.39267655835543763 0.04570693391115935 0.07563826259946954
15 0.14294420368364044 0.36167523209549063 0.04570693391115935 0.07563826259946954
