15 0.2147919429708223 0.4803968039003251 0.07563826259946976 0.04570693391115935
15 0.7151649535809018 0.3128724268689059 0.07563826259946954 0.04570693391115935
15 0.7886480437665782 0.45090736728060676 0.07563826259946979 0.04570693391115935
15 0.48601210212201595 0.5516996208017335 0.07563826259946972 0.04570693391115935
15 0.5159772877984085 0.6110170639219936 0.07563826259946972 0.04570693391115935
15 0.2858711870026524 0.6254739978331529 0.07563826259946949 0.04570693391115935
15 0.3168725132625995 0.6771736186348865 0.07563826259946972 0.04570693391115935
15 0.5752030835543765 0.030234290357529864 0.07563826259946954 0.04570693391115925
15 0.6051682692307692 0.08447318526543883 0.07563826259946954 0.04570693391115935
15 0.6361695954907163 0.14294420368364044 0.07563826259946954 0.04570693391115935
