7 0.3331464872944694 0.6231268558801187 0.21487294469357246 0.12257440784476206
3 0.5822745391131041 0.08017402113113735 0.11522172396611864 0.08286720530350114
3 0.5713751868460389 0.18030522753953454 0.14324862979571507 0.08286720530350113
3 0.5853886397608371 0.27007803328499413 0.14013452914798205 0.08286720530350115
3 0.568261086198306 0.39869484151646983 0.13702042850024906 0.08804640563496993
10 0.5480194319880419 0.4953732477038879 0.09653712007972094 0.032801602099302496
10 0.5511335326357749 0.5290380498584352 0.10276532137518693 0.031075201988812924
10 0.5558046836073742 0.5583868517367585 0.10587942202291967 0.03452800220979213
11 0.2615221723966119 0.7457012637248809 0.2211011459890383 0.08804640563497
11 0.7784628799202791 0.7603756646640426 0.19618834080717487 0.09322560596643878
11 0.7987045341305432 0.8803604723430701 0.19930244145490789 0.0776880049720323
3 0.48885151968111606 0.8838132725640494 0.15259093173891378 0.08114080519301159
