3 0.5184354758345789 0.12074442372764313 0.12456402590931735 0.08804640563496996
3 0.4156701544593922 0.6015468544989987 0.13702042850024906 0.0897728057454595
3 0.4156701544593922 0.7284372626199849 0.13702042850024906 0.09495200607692841
3 0.40944195316392634 0.824252468752158 0.13079222720478334 0.08286720530350108
3 0.404770802192327 0.9174780747185967 0.14636273044344805 0.08977280574545964
11 0.7270802192326857 0.25799323251156686 0.17438963627304446 0.09322560596643878
11 0.19924015944195317 0.12506042400386713 0.19618834080717476 0.07941440508252193
11 0.1961260587942203 0.2364132311304468 0.196188340807175 0.09840480629790763
10 0.4452541106128551 0.43926524411297563 0.09030891878425522 0.037980802430771336
10 0.44836821126058796 0.4668876458808093 0.09030891878425497 0.027622401767833718
10 0.44992526158445445 0.5031420482010911 0.0809666168410565 0.03452800220979213
7 0.6803687095166916 0.3771148401353498 0.19307424015944188 0.1346592086181893
