3 0.12015744769007664 0.48858163095831253 0.09322560596643878 0.11833582461385157
3 0.6035494786271666 0.5809666168410562 0.09782933959441105 0.12456402590931735
3 0.7324540202103904 0.576814482644079 0.09092373915245264 0.1287161601062946
3 0.8262550928803258 0.5851187510380335 0.08056533848951494 0.12041189171234012
3 0.9194806988467646 0.5871948181365221 0.09437653937343177 0.13286829430327182
11 0.2519393227907833 0.27578475336322866 0.10588587344336256 0.19099817306095335
11 0.11900651428308356 0.8031057963793389 0.1070368068503556 0.18269390466699892
11 0.2364017217963768 0.7948015279853843 0.08862187233846647 0.17438963627304432
10 0.43839053472366074 0.5498256103637269 0.032226135395805995 0.08304268393954486
10 0.47004120341597033 0.5539777445607041 0.028773335174826716 0.07889054974256762
10 0.5028428055152728 0.5539777445607041 0.029924268581819787 0.07889054974256762
7 0.3796929309670142 0.3297624979239329 0.12660267476923784 0.22006311243979398
