3 0.47795216741405083 0.7966300669843243 0.12456402590931735 0.09322560596643878
3 0.48804185351270557 0.6650093225605966 0.12929745889387137 0.09405427801947382
3 0.49196562032884905 0.573924452731165 0.12767812655705035 0.08286720530350115
3 0.49507972097658204 0.4746564463780126 0.12767812655705035 0.08459360541399072
3 0.4888515196811162 0.37279883985912576 0.13390632785251608 0.08459360541399072
3 0.49196562032884905 0.2709412333402389 0.15259093173891378 0.09495200607692841
10 0.45303936223218744 0.9563220772046128 0.09342301943198796 0.02934880187832343
10 0.4592675635276532 0.9243836751605552 0.09965122072745394 0.031075201988812924
10 0.4608246138515197 0.8924452731164974 0.07162431489785753 0.0362544023202817
10 0.4848031888390634 0.16176369035287616 0.09840558046836079 0.04025965057661765
4 0.49196562032884905 0.12333402389337753 0.07162431489785753 0.03452800220979213
4 0.49196562032884905 0.08794282162834058 0.0778525161933235 0.03625440232028175
4 0.49352267065271554 0.052551619363303645 0.07473841554559052 0.03452800220979214
4 0.4997508719481814 0.018023617153511497 0.08096661684105624 0.024169601546854495
