4 0.9793292360104043 0.49273376515528977 0.023018668139861375 0.0643580800531473
4 0.9471031006145982 0.4948098322537784 0.02762240176783379 0.07266234844710177
4 0.9137260318117993 0.49065769805680115 0.02532053495384751 0.0643580800531473
4 0.878328138073466 0.48674696701081094 0.01956586791888224 0.0643580800531473
10 0.8406417604677393 0.4844294967613353 0.0356789356167852 0.09342301943198802
10 0.10404437999217364 0.453288490284006 0.03337706880279906 0.09342301943198808
10 0.07296917800336071 0.4626307922272047 0.031075201988812917 0.08304268393954493
10 0.04246944271804433 0.45847865803022747 0.03682986902377828 0.08719481813652223
3 0.7278502865824181 0.49273376515528977 0.09092373915245264 0.13079222720478328
3 0.6317473470984968 0.4916957316060455 0.09207467255944564 0.13702042850024912
3 0.5258614736551342 0.4844294967613353 0.0851690721174873 0.11833582461385143
3 0.42573026724673707 0.49377179870453414 0.08747093893147344 0.12041189171234018
3 0.3399857284257532 0.47820129546586937 0.07481067145454964 0.12248795881082875
3 0.20762838662155006 0.4844294967613353 0.09782933959441105 0.12664009300780604
