10 0.9576087136900582 0.5415213419697724 0.024169601546854512 0.07058628134861315
10 0.9240844324747369 0.5415213419697724 0.029924268581819926 0.0747384155455904
10 0.8935846971894206 0.5384072413220395 0.03337706880279906 0.07266234844710177
3 0.788849757153051 0.5197226374356418 0.09092373915245264 0.1183358246138515
3 0.6639734824943028 0.5155705032386646 0.0897728057454595 0.1183358246138515
3 0.5701724098243676 0.5083042683939545 0.08862187233846643 0.12871616010629466
3 0.4740694703404461 0.5010380335492443 0.09437653937343185 0.13079222720478328
3 0.36415532997260774 0.5062282012954659 0.09782933959441105 0.13702042850024912
3 0.2715051907096655 0.5083042683939545 0.09437653937343181 0.10795548912140841
10 0.1598646502313376 0.5217987045341305 0.04143360265175056 0.0726623484471019
4 0.1213083810970697 0.5166085367879089 0.024169601546854495 0.05812987875768144
4 0.08678037888727758 0.510380335492443 0.02647146836084065 0.05812987875768144
4 0.05110144327049237 0.5041521341969771 0.02877333517482678 0.07889054974256762
4 0.018875307874686366 0.5051901677462215 0.026471468360840633 0.07266234844710177
