10 0.544905331340309 0.04219321870036599 0.08408071748878923 0.03798080243077135
10 0.5433482810164425 0.07326842068917892 0.06228201295465881 0.02762240176783371
10 0.5433482810164424 0.10693322284372626 0.06851021425012453 0.02934880187832332
3 0.5075361235675138 0.20620122919687864 0.14636273044344777 0.08977280574545957
3 0.5061036372695565 0.33457634141288584 0.1372695565520679 0.09446861404599129
3 0.5090931738913801 0.42718044333954835 0.13702042850024906 0.08632000552448037
3 0.5075361235675138 0.5229956494717215 0.13390632785251633 0.09495200607692841
3 0.5044220229197808 0.626579656101098 0.12144992526158437 0.08114080519301159
3 0.4997508719481814 0.72757406256474 0.14947683109118104 0.08286720530350122
10 0.5168784255107126 0.8389268696913197 0.07785251619332326 0.025896001657344153
4 0.5184354758345792 0.8777708721773358 0.08719481813652223 0.020716801325875236
4 0.5199925261584455 0.9140252744976175 0.09653712007972094 0.02762240176783365
4 0.5059790732436472 0.9459636765416753 0.09965122072745394 0.025896001657344153
4 0.5075361235675138 0.9813548788067121 0.09653712007972094 0.031075201988812924
