10 0.6558295964125562 0.043608866790967475 0.05979073243647226 0.021752641392169047
4 0.6530269058295965 0.07261238864719287 0.04297458893871441 0.01760928112699399
4 0.6511584454409568 0.0979904702713901 0.05044843049327354 0.01657344106070022
4 0.6436846038863977 0.12181479179614667 0.05418535127055323 0.014501760928112704
4 0.6474215246636771 0.14563911332090324 0.05044843049327354 0.016573441060700238
4 0.648355754857997 0.16635591464677854 0.05231689088191339 0.014501760928112723
3 0.640881913303438 0.21452247772943858 0.0971599402092674 0.06318624404391959
3 0.6306053811659194 0.3450383260824529 0.08781763826606867 0.06111456391133211
3 0.6296711509715994 0.42065465092189763 0.08968609865470852 0.06111456391133204
7 0.24196562032884908 0.7453905117049928 0.15508221225710006 0.08286720530350108
