7 0.7465024543067692 0.7521277569323693 0.08624954021384815 0.16587352429761143
3 0.4221153968113037 0.3711906287178548 0.06912646973021655 0.10181202525853389
3 0.3444273918392714 0.37233458405783837 0.07229740870866683 0.0972362038985998
3 0.2147359876206542 0.35860711997803607 0.06912646973021651 0.08350873981879747
10 0.043505282784338094 0.3460236112382173 0.02600169962329245 0.05605381165919283
4 0.0701411702033206 0.35059943259815135 0.019659821666391842 0.04461425825935761
4 0.09867962100937329 0.35174338793813487 0.01965982166639185 0.05376590097922578
4 0.12341294504128561 0.3597510753180196 0.020928197257771963 0.05376590097922578
4 0.14529242399259268 0.35574723162807725 0.019025633870701792 0.0526219456392422
4 0.16748899684174476 0.354031298618102 0.019025633870701775 0.046902168939324584
