7 0.757847533632287 0.25699192044748287 0.14573991031390135 0.08183136523720738
3 0.37518684603886393 0.5765485808991092 0.09790732436472338 0.06629376424280088
3 0.37051569506726456 0.6542365858711415 0.09454409566517206 0.06836544437538844
3 0.352204783258595 0.7863061943235964 0.10650224215246637 0.0694012844416821
4 0.35313901345291493 0.8287756370416407 0.05979073243647226 0.02382432152475653
4 0.35594170403587455 0.854153718665838 0.054185351270552976 0.018645121193287754
4 0.359678624813154 0.875906360058007 0.054185351270552976 0.02486016159105034
4 0.35874439461883423 0.9023202817484981 0.05231689088191339 0.021752641392169047
4 0.3512705530642752 0.9292521234721359 0.05605381165919283 0.017609281126994086
10 0.35033632286995525 0.9567018852289206 0.06539611360239155 0.02486016159105034
