3 0.4940957116221255 0.13610780635124006 0.05200339924658494 0.0755010524389128
3 0.4658743547139179 0.36833074036789604 0.05390596263365504 0.09838015923858333
3 0.5267563831001636 0.334584057838382 0.04756408467675447 0.0972362038985998
3 0.5898580687713245 0.3019813306488515 0.04819827247244453 0.084652695158781
3 0.6485204398726552 0.26594673743937036 0.045027333493994244 0.07893291845886338
3 0.4994863078854911 0.564519081175071 0.05136921145089481 0.08579665049876452
3 0.5622708996588069 0.5364921753454744 0.04629570908537436 0.0709252310789786
3 0.6209332707601375 0.5021735151459688 0.04946664806382464 0.08007687379884684
3 0.6821323930442282 0.46899881028644647 0.05390596263365511 0.07321314175894572
3 0.5343666366484443 0.7704310423721057 0.04756408467675447 0.08808456117873156
3 0.5971512284217603 0.7406882035325342 0.048832460268134585 0.08122082913883043
3 0.6573990690123159 0.7017937219730942 0.045027333493994175 0.07435709709892917
3 0.7173298157050266 0.6743387938134896 0.04566152128968423 0.07893291845886338
