3 0.8697683109118087 0.4952351356950487 0.08781763826606867 0.054899523513569456
3 0.6287369207772796 0.4657136938056764 0.09902840059790724 0.04972032318210068
3 0.6661061285500748 0.5268282577170085 0.09155455904334811 0.05386368344727571
3 0.7016068759342302 0.5900145017609281 0.0803437967115098 0.0476486430495132
3 0.7333707025411063 0.6511290656722603 0.09902840059790749 0.04764864304951313
3 0.4288116591928251 0.5004143360265175 0.0952914798206278 0.05075616324839442
3 0.4624439461883408 0.5620468199709965 0.0952914798206278 0.0476486430495132
3 0.49607623318385663 0.6221255438160348 0.09902840059790724 0.05179200331468823
3 0.5297085201793723 0.6847938678268076 0.08781763826606867 0.05075616324839449
3 0.22982062780269072 0.5351149782473585 0.09715994020926765 0.045576962916925645
3 0.25597907324364727 0.5957116221255437 0.09342301943198796 0.04868448311580694
3 0.2961509715994022 0.6557903459705822 0.09902840059790749 0.052827843380981974
3 0.32698056801195824 0.717940749948208 0.08594917787742883 0.052827843380981974
