3 0.6651718983557549 0.27874456183965196 0.08594917787742908 0.04661280298321939
3 0.7025411061285501 0.3408949658172778 0.07847533632286996 0.04868448311580694
3 0.7380418535127057 0.39941992956287553 0.07847533632286996 0.05179200331468823
3 0.7670029895366219 0.4662316138388233 0.09902840059790749 0.04454112285063184
3 0.4661808669656205 0.3149989641599337 0.08408071748878923 0.048684483115806906
3 0.49887892376681625 0.37248808783923765 0.08594917787742908 0.045576962916925576
3 0.532511210762332 0.4361922519163041 0.08594917787742908 0.05075616324839449
3 0.5670777279521675 0.4967888957944893 0.08781763826606867 0.04972032318210068
3 0.2653213751868461 0.34814584628133416 0.07847533632286996 0.04454112285063184
3 0.2989536621823618 0.4097783302258131 0.08968609865470852 0.045576962916925576
3 0.3325859491778775 0.4724466542365859 0.08594917787742883 0.05075616324839442
3 0.3624813153961136 0.5304536979490366 0.08594917787742908 0.05075616324839442
3 0.13079222720478334 0.5061114563911332 0.08968609865470852 0.0476486430495132
