13 0.1690956651718984 0.5035218562253988 0.04297458893871441 0.02796768178993163
13 0.2998878923766816 0.4802154547337891 0.05044843049327354 0.029003521856225373
13 0.31390134529147984 0.4154754505904288 0.04484304932735426 0.0238243215247566
13 0.35874439461883423 0.41029625025896005 0.041106128550074825 0.03211104205510667
13 0.344730941704036 0.47348249430287964 0.0467115097159941 0.030039361922519114
13 0.39331091180866967 0.46726745390511704 0.0467115097159941 0.02796768178993163
13 0.5250373692077728 0.3818106484358815 0.0485799701046337 0.02486016159105034
13 0.570814648729447 0.37455976797182516 0.04297458893871467 0.022788481458462788
13 0.7296337817638268 0.41133209032525375 0.05044843049327354 0.025896001657344153
3 0.9435724962630793 0.34400248601615907 0.048579970104633954 0.02796768178993163
