3 0.05605381165919289 0.6552724259374353 0.04857997010463382 0.02486016159105034
13 0.26905829596412567 0.5910503418272218 0.05231689088191339 0.02486016159105034
13 0.46244394618834095 0.42428009115392584 0.04297458893871441 0.020716801325875306
13 0.6091180866965621 0.5325253780816241 0.041106128550074825 0.02796768178993163
13 0.4288116591928252 0.6273047441475037 0.054185351270552976 0.024860161591050412
13 0.4736547085201795 0.6195359436503004 0.0467115097159941 0.02382432152475653
13 0.6399476831091181 0.5920861818935157 0.0467115097159941 0.02486016159105034
13 0.6894618834080719 0.5837994613631655 0.0485799701046337 0.02693184172363782
13 0.6502242152466369 0.5283820178164491 0.05231689088191339 0.02796768178993163
13 0.696001494768311 0.5185415371866584 0.0467115097159941 0.031075201988812924
13 0.8333333333333334 0.49730681582763625 0.0485799701046337 0.030039361922519183
