13 0.40943164089750256 0.26651871510936215 0.023464948440532173 0.04118239223940698
13 0.574954655572608 0.4627070559165371 0.023464948440532173 0.0423263475793905
13 0.37233165484963404 0.4306763063969982 0.025367511827602413 0.040038436899423456
13 0.3812102839892949 0.4741466093163723 0.029172638601742754 0.040038436899423456
13 0.46524016691822784 0.6085613617644368 0.023464948440532173 0.04118239223940704
13 0.40816326530612246 0.6411640889539673 0.0260016996232924 0.04003843689942352
13 0.41735898834362833 0.6852063695433329 0.02029400946208189 0.036606570879472826
13 0.4725333265686634 0.6526036423538024 0.02029400946208189 0.03775052621945635
13 0.4823632374018594 0.6977898782831519 0.027270075214672583 0.04118239223940704
13 0.5039256224553215 0.828200787041274 0.027270075214672583 0.043470302919373954
3 0.3425248284522012 0.060034776242335504 0.026635887418982526 0.040038436899423456
