13 0.4956811811113507 0.16527866752082002 0.02600169962329247 0.0423263475793905
3 0.6567648812166259 0.939164455019676 0.020928197257772015 0.036606570879472826
13 0.5185119417561928 0.2991214422988927 0.023464948440532173 0.046902168939324584
13 0.5822478152230438 0.3122769287087032 0.025367511827602413 0.04118239223940698
13 0.5267563831001636 0.34430767822824193 0.02600169962329247 0.04118239223940698
13 0.5911264443627047 0.35574723162807725 0.02029400946208189 0.04118239223940698
13 0.5340495427505992 0.39006589182758306 0.021562385053462002 0.036606570879472826
13 0.6183965195773772 0.5227647112656721 0.02029400946208189 0.03889448155943987
13 0.626006773125658 0.5673789695250298 0.022830760644842185 0.03431866019950578
13 0.5898580687713245 0.7309645831426741 0.02029400946208189 0.03431866019950578
13 0.42496924189190904 0.5382081083554499 0.026635887418982526 0.03317470485952226
