17 0.7342275282928874 0.48886745228908124 0.03757931403298301 0.07169673584315363
17 0.7647824013181668 0.4266607571175305 0.03757931403298301 0.07169673584315363
17 0.8011187072715974 0.36575763896130975 0.03757931403298301 0.07169673584315363
17 0.8323962594128955 0.29964021274376895 0.03757931403298301 0.07169673584315363
17 0.868732565366326 0.2413442486182084 0.03757931403298301 0.07169673584315363
17 0.946984260048853 0.0944050474502033 0.03757931403298301 0.07169673584315363
10 0.3900732796623643 0.48662529982271363 0.023443710523653183 0.03968088434664716
10 0.4632662205327591 0.6160444259046826 0.023443710523653183 0.039680884346647224
10 0.5212828999667568 0.5121232662425697 0.023443710523653183 0.03968088434664716
10 0.6650960440545192 0.8288924809677757 0.023443710523653183 0.039680884346647224
10 0.7144405740962898 0.730185629366983 0.023443710523653183 0.039680884346647224
10 0.6291644384060591 0.8944363332985713 0.023443710523653183 0.039680884346647224
