10 0.6099267203376356 0.5090728960266973 0.021680373480567172 0.033893002398581645
10 0.5349704424241548 0.38299092710397326 0.021680373480567172 0.033893002398581645
10 0.3725699914723864 0.10178329335697149 0.021680373480567172 0.033893002398581645
10 0.477560813447613 0.4827927833976431 0.021680373480567172 0.033893002398581645
10 0.2853281685865842 0.2690061528835124 0.02168037348056721 0.03389300239858168
10 0.33684073597641173 0.16899572426738965 0.021680373480567172 0.033893002398581645
17 0.26633616141760735 0.5143654187089374 0.03676991342304191 0.06502242152466367
17 0.23257259311720413 0.5720878089477527 0.03676991342304191 0.06502242152466367
17 0.20097706216485756 0.6350245072478884 0.03676991342304191 0.06502242152466367
17 0.16432277740037868 0.6953540515173637 0.03676991342304191 0.06502242152466367
17 0.12983652998395653 0.7556835957868392 0.03676991342304191 0.06502242152466367
17 0.050544177374362245 0.902049223068099 0.03676991342304191 0.06502242152466367
