10 0.5111917344622191 0.3899060066180469 0.049365409999328605 0.027314566420007225
17 0.7086411206711568 0.8370029029822482 0.08637672047978559 0.04665498514216904
17 0.9046338342230416 0.9513312719711389 0.08654395133390555 0.04877820438743008
17 0.7608689449293197 0.871102752906826 0.08786263914920824 0.04803561630865444
17 0.5787088026380325 0.7660333298737894 0.08058734431929652 0.0440066890586156
17 0.6381258429967769 0.8020805641808124 0.08058734431929652 0.0440066890586156
17 0.5157317088858429 0.7274482494707504 0.08161426766570908 0.041947425856510255
10 0.16888979126341488 0.6652322962389295 0.049365409999328605 0.027314566420007156
10 0.10311998558329534 0.6298065659716827 0.049365409999328605 0.027314566420007295
10 0.4895175939539977 0.5249795512627539 0.049365409999328605 0.027314566420007225
10 0.3826416597238035 0.46572949947075043 0.049365409999328605 0.027314566420007225
10 0.269412960172234 0.7147454514077716 0.049365409999328605 0.027314566420007156
