2 0.7324364723467863 0.008908224570126373 0.026158445440956565 0.01243008079552517
2 0.6539611360239164 0.07623782887922105 0.041106128550074825 0.026931841723637873
2 0.4689835575485801 0.3124093639941993 0.033632286995515695 0.029003521856225373
2 0.6212630792227205 0.3274290449554589 0.03176382660687611 0.02796768178993163
2 0.6894618834080719 0.32846488502175264 0.02989536621823626 0.025896001657344115
3 0.24570254110612863 0.18292935570747879 0.09902840059790749 0.04972032318210068
3 0.23355754857997013 0.282887922104827 0.09342301943198796 0.04454112285063184
3 0.2167414050822123 0.3823285684690284 0.09342301943198796 0.040397762585456805
3 0.21954409566517194 0.7371037911746425 0.10276532137518693 0.045576962916925576
3 0.6212630792227205 0.7371037911746425 0.0952914798206278 0.04143360265175061
3 0.718423019431988 0.7386575512740833 0.10276532137518693 0.04454112285063191
3 0.8230568011958147 0.7376217112077895 0.0952914798206278 0.04246944271804429
