3 0.7369896373714184 0.17099844422073762 0.0393196433327838 0.0972362038985998
3 0.7376238251671084 0.273954424819255 0.036782892150023574 0.09266038253866571
3 0.7369896373714184 0.37919831609773963 0.03805126774140369 0.09952411457856684
3 0.7354041678821933 0.7807266404319575 0.042490582311234086 0.12469113205820438
3 0.3808931900914499 0.7801546627619658 0.04629570908537436 0.08922851651871522
3 0.2803744244745754 0.76528324334218 0.04819827247244453 0.09151642719868212
3 0.1836607856318413 0.7521277569323693 0.04375895790261413 0.09037247185869873
2 0.3120838142590784 0.5319163539855404 0.02917263860174272 0.02974283883957176
2 0.3254017579685696 0.3809142491077148 0.024099136236222264 0.022879106799670566
2 0.33047526033409014 0.3088450626887526 0.02409913623622223 0.02059119611970352
2 0.0774343298537563 0.35059943259815135 0.024099136236222275 0.030886794179555217
2 0.007990766225694753 0.2670906927793539 0.014586319300871373 0.02631097281962113
