3 0.8156289240369858 0.2453555413196669 0.04566152128968423 0.09266038253866571
3 0.7179640035007165 0.23220005490985632 0.046929896881064345 0.09609224855861628
3 0.6183965195773772 0.2196165461700375 0.046929896881064415 0.09838015923858333
3 0.2626171661952537 0.2161846801500869 0.04819827247244453 0.11210762331838561
3 0.2613487906038736 0.6200009151642719 0.0456615212896843 0.0938043378786493
3 0.25976332111464845 0.724100851102773 0.0412222067198539 0.09151642719868226
3 0.2603975089103385 0.8247689210213234 0.0412222067198539 0.09151642719868212
2 0.6862546137162138 0.4672828772764711 0.030441014193122867 0.02631097281962113
2 0.6761076089851725 0.6154250938043379 0.03170938978450298 0.03660657087947295
2 0.669448637130427 0.6897821909032671 0.031075201988812924 0.036606570879472826
2 0.9228066615086059 0.6474558433238766 0.02790426301036264 0.04575821359934113
2 0.9918570287033396 0.7319140660748604 0.013799926434215671 0.033929715383911346
