3 0.1775037369207773 0.26113528071265796 0.09715994020926765 0.042469442718044356
3 0.2755979073243648 0.2632069608452455 0.09902840059790724 0.04661280298321939
3 0.376494768310912 0.2626890408120986 0.10650224215246637 0.04143360265175054
3 0.7791479820627804 0.2632069608452455 0.11958146487294477 0.04246944271804432
3 0.7782137518684604 0.6195359436503004 0.08408071748878923 0.040397762585456874
3 0.7670029895366219 0.7194945100476486 0.08781763826606893 0.04764864304951306
3 0.7492526158445443 0.8199709964781439 0.08968609865470852 0.04143360265175061
2 0.532511210762332 0.6884193080588357 0.03736920777279513 0.031075201988812924
2 0.37742899850523176 0.673917547130723 0.026158445440956822 0.029003521856225446
2 0.3036248131539613 0.6713279469649887 0.028026905829596414 0.02382432152475667
2 0.34473094170403584 0.9235550031075201 0.05044843049327354 0.02486016159105034
2 0.26625560538116594 0.9924383675160555 0.03923766816143498 0.009322560596643877
