6 0.21300448430493274 0.24197223948622334 0.06726457399103139 0.051792003314688195
6 0.12144992526158449 0.2802983219390926 0.07473841554559052 0.03314688212140044
6 0.46431240657698064 0.4056349699606381 0.07660687593423036 0.03729024238657551
6 0.5455904334828102 0.42117257095504457 0.05979073243647252 0.03936192251916306
6 0.6203288490284008 0.44033561218147915 0.07847533632286996 0.03625440232028177
6 0.7053437967115098 0.4563911332090325 0.07286995515695067 0.03729024238657551
6 0.8053064275037369 0.5278640977833022 0.07473841554559052 0.0476486430495132
6 0.836136023916293 0.5667081002693184 0.09155455904334836 0.04868448311580687
6 0.8613602391629298 0.6174642635177128 0.07473841554559052 0.042469442718044356
6 0.8875186846038865 0.6661487466335199 0.08594917787742883 0.05075616324839449
6 0.35127055306427507 0.5563496996063808 0.08594917787742908 0.04454112285063184
6 0.49047085201793733 0.5853532214626062 0.07660687593423011 0.040397762585456805
6 0.5670777279521676 0.6102133830536565 0.08408071748878923 0.04868448311580687
6 0.6436846038863977 0.6273047441475036 0.08034379671150954 0.03936192251916299
6 0.31390134529147984 0.4517298529107106 0.05605381165919283 0.030039361922519114
6 0.38490284005979075 0.46415993370623576 0.07100149476831083 0.0362544023202817
6 0.45964125560538127 0.4822871348663766 0.08594917787742908 0.031075201988812924
6 0.24103139013452926 0.45431945307644495 0.06352765321375195 0.02693184172363789
6 0.19805680119581467 0.4822871348663766 0.0747384155455904 0.029003521856225373
6 0.15227952167414055 0.5040397762585457 0.054185351270552976 0.02486016159105034
6 0.11397608370702543 0.5237207375181272 0.06352765321375183 0.029003521856225373
6 0.21860986547085215 0.6102133830536565 0.07473841554559052 0.030039361922519114
6 0.3036248131539613 0.6309301843795319 0.061659192825112105 0.030039361922519256
6 0.42414050822122573 0.6640770665009322 0.07473841554559052 0.03211104205510674
6 0.7324364723467863 0.7417650714729646 0.05979073243647226 0.02796768178993163
6 0.8221225710014948 0.7433188315724052 0.05979073243647226 0.031075201988812924
6 0.24850523168908828 0.8039154754505904 0.10837070254110595 0.04454112285063191
6 0.446562032884903 0.8722809198259788 0.06726457399103139 0.03832608245286932
6 0.6950672645739912 0.9406463642013673 0.07473841554559052 0.03832608245286932
6 0.7268310911808671 0.986223327118293 0.05605381165919283 0.021752641392169047
