6 0.18968556969089684 0.2539352063695433 0.05327177483796502 0.10753180195845152
6 0.12816935350896108 0.46041914523656996 0.04439314569830419 0.05147799029925874
6 0.25088469197498764 0.7406882035325342 0.04756408467675447 0.06978127573899522
6 0.057774508187364446 0.69721790061316 0.04185639451554393 0.04690216893932465
6 0.007990766225694753 0.7384002928525671 0.01585469489225149 0.04690216893932452
6 0.2527872553620578 0.8167612336414386 0.023464948440532207 0.06634940971904452
6 0.32920688474271 0.8876864647204173 0.05454015042934513 0.07321314175894578
6 0.3780393450108446 0.8648073579207468 0.050735023655204756 0.07321314175894565
6 0.42306667850483887 0.832776608401208 0.04819827247244453 0.07321314175894578
6 0.4684111058966781 0.8036057472316281 0.045027333493994244 0.08579665049876452
6 0.5435623596859501 0.7035096549830696 0.03424614096726321 0.08922851651871508
6 0.5530751766213011 0.6268646472041731 0.04439314569830412 0.07550105243891282
6 0.5778085006532134 0.5416399743754005 0.043124770106924074 0.08350873981879747
6 0.5885896931799444 0.4632790335865288 0.0456615212896843 0.08694060583874805
6 0.5483187681536256 0.3105609956987279 0.04249058231123402 0.06520545437906106
6 0.5308786037721489 0.3860620481376407 0.04185639451554396 0.06978127573899515
6 0.5229512563260232 0.4604191452365699 0.034880328762953265 0.06978127573899515
6 0.43987265509062545 0.35174338793813487 0.045027333493994244 0.0743570970989293
6 0.38818634974188554 0.22419236752997163 0.029172638601742754 0.05719776699917634
6 0.36916071587118376 0.30426924132881855 0.03424614096726321 0.054909856319209305
6 0.33713423218883576 0.4278164180470394 0.03614870435433338 0.06863732039901163
6 0.40816326530612246 0.49187791708611694 0.04375895790261413 0.08007687379884691
6 0.38913763143542063 0.569094902535005 0.03995383112847379 0.06978127573899522
6 0.3720145609517891 0.6468838656538849 0.04375895790261413 0.06978127573899509
6 0.721134942479167 0.1258122082913883 0.03805126774140355 0.07092523107897868
6 0.7579178346291903 0.20817699277020227 0.04566152128968423 0.06177358835911047
