6 0.2615844544095667 0.008908224570126373 0.05605381165919283 0.016573441060700227
6 0.29801943198804204 0.060700227884814585 0.07286995515695067 0.04143360265175056
6 0.5455904334828102 0.13217319245908432 0.05605381165919283 0.03729024238657551
6 0.7389760837070255 0.19432359643671018 0.11397608370702524 0.045576962916925645
6 0.1812406576980569 0.2518127201160141 0.06726457399103139 0.03625440232028177
6 0.2625186846038865 0.25440232028174853 0.08034379671150954 0.03729024238657551
6 0.10837070254110621 0.3346799254195152 0.10089686098654709 0.04661280298321939
6 0.1298579970104634 0.3818106484358815 0.0803437967115098 0.043505282784338094
6 0.15695067264574003 0.42635177128651336 0.07473841554559052 0.04972032318210068
6 0.19058295964125566 0.4693391340377046 0.09342301943198808 0.04868448311580694
6 0.2840059790732437 0.5392583385125337 0.09715994020926765 0.04764864304951313
6 0.3736920777279523 0.5573855396726746 0.07847533632286996 0.04246944271804429
6 0.45403587443946203 0.5749948207996686 0.08594917787742908 0.040397762585456805
6 0.5297085201793723 0.5915682618603687 0.0803437967115098 0.04454112285063191
6 0.3494020926756354 0.3673088875077688 0.08594917787742883 0.04972032318210068
6 0.4269431988041854 0.3916511290656723 0.07660687593423011 0.04454112285063184
6 0.5016816143497758 0.4056349699606381 0.07286995515695067 0.03936192251916306
6 0.6436846038863977 0.44137145224777297 0.07286995515695067 0.040397762585456805
6 0.5680119581464874 0.33260824528692773 0.07473841554559026 0.034182722187694255
6 0.696001494768311 0.36989848767350325 0.06913303437967123 0.03211104205510667
6 0.7772795216741405 0.38647192873420344 0.06352765321375195 0.03211104205510674
6 0.8819133034379671 0.47348249430287964 0.05231689088191313 0.030039361922519114
6 0.8510837070254111 0.49005593536357983 0.05044843049327354 0.03211104205510667
6 0.7978325859491779 0.5180236171535114 0.0635276532137517 0.03625440232028177
6 0.7492526158445442 0.5439196188108556 0.05979073243647226 0.03832608245286925
6 0.6838565022421526 0.5490988191423244 0.06352765321375195 0.03418272218769422
6 0.6081838565022422 0.5340791381810648 0.07286995515695067 0.03936192251916299
6 0.5362481315396114 0.5175056971203646 0.08221225710014939 0.04143360265175054
6 0.789424514200299 0.753159312202196 0.057922272047832415 0.05075616324839449
6 0.8753736920777281 0.7200124300807955 0.07286995515695067 0.03832608245286932
