6 0.8277279521674141 0.41495753055728196 0.08221225710014939 0.03936192251916306
6 0.7016068759342303 0.4626061736067951 0.061659192825112105 0.031075201988812924
6 0.6063153961136025 0.49160969546302047 0.07286995515695067 0.03936192251916306
6 0.5437219730941705 0.5237207375181272 0.07100149476831083 0.031075201988812924
6 0.46991778774289994 0.5724052206339341 0.07286995515695067 0.04143360265175054
6 0.30549327354260103 0.6236793039154754 0.09902840059790724 0.04454112285063191
6 0.2372944693572497 0.6454319453076445 0.08594917787742883 0.03211104205510674
6 0.04577727952167418 0.4527656929770043 0.08408071748878923 0.04661280298321939
6 0.11023916292974593 0.502486016159105 0.09342301943198796 0.040397762585456805
6 0.06165919282511217 0.5252744976175678 0.0747384155455904 0.040397762585456805
6 0.02148729446935727 0.5496167391754713 0.04297458893871454 0.03936192251916299
6 0.027092675635276554 0.5009322560596644 0.05418535127055311 0.03936192251916306
