6 0.350769269796172 0.2344879655898234 0.05327177483796505 0.09380433787864921
6 0.3789906267043797 0.2991214422988927 0.0412222067198539 0.09037247185869866
6 0.42433505409621897 0.46556694426649586 0.043124770106924074 0.07321314175894572
6 0.4747529838535787 0.5444998627253592 0.03995383112847372 0.07092523107897873
6 0.5048769041488566 0.6057014734144778 0.03805126774140355 0.06520545437906113
6 0.5400743268096548 0.6874942802233001 0.04249058231123395 0.07778896311887987
6 0.584150378610114 0.8322046307312162 0.0481982724724446 0.08350873981879747
6 0.49694955670273083 0.1086528781916354 0.03741707994571356 0.05948567767914342
6 0.4725333265686634 0.06403861993227783 0.04439314569830419 0.07550105243891278
6 0.5441965474816403 0.04001555779262377 0.043124770106924074 0.0755010524389128
6 0.5001204956811811 0.027432049052804983 0.04756408467675447 0.050334034959275194
6 0.44875128423028626 0.027432049052804983 0.04756408467675447 0.050334034959275194
