6 0.7576606875934232 0.3559146467785374 0.0952914798206278 0.05179200331468823
6 0.7016068759342302 0.3761135280712658 0.1102391629297458 0.04454112285063184
6 0.5353139013452916 0.4284234514191009 0.09902840059790724 0.043505282784338094
6 0.45216741405082217 0.47607209446861404 0.06352765321375195 0.03936192251916306
6 0.39331091180866984 0.5055935363579863 0.07286995515695067 0.03625440232028177
6 0.3054932735426009 0.5382224984462398 0.07286995515695067 0.03729024238657551
6 0.16255605381165933 0.5853532214626062 0.09715994020926765 0.040397762585456805
6 0.8940582959641257 0.49834265589392995 0.0803437967115098 0.04661280298321939
6 0.9398355754857998 0.4703749741039983 0.06352765321375195 0.04246944271804429
6 0.9734678624813154 0.4458255645328361 0.0485799701046337 0.036875906360057956
6 0.9725336322869955 0.4950279676817899 0.05044843049327354 0.03791174642635177
6 0.9575859491778775 0.5396726745390512 0.08034379671150954 0.04433395483737306
