6 0.3840641290699002 0.26594673743937036 0.10844611306300021 0.1407065068179738
6 0.2813257061681105 0.3431637228882584 0.09703073274057919 0.16930539031756206
6 0.1719283114115752 0.5616591928251121 0.08244441343970775 0.14871419419785853
6 0.2832282695551807 0.9288688569598242 0.06912646973021651 0.11897135535828678
6 0.42623761748328914 0.5948338976846343 0.08117603784832762 0.11897135535828678
6 0.4665085425096079 0.6834904365333578 0.06024784059055568 0.09266038253866565
6 0.509633312616532 0.748123913242427 0.06785809413883637 0.10753180195845156
6 0.5150239088798976 0.6137091607943626 0.07102903311728671 0.11096366797840213
6 0.5067794675359266 0.5061773588359111 0.07737091107418728 0.11096366797840213
6 0.5803452518359736 0.6211448705042555 0.07610253548280717 0.14413837283792438
6 0.6196648951687573 0.578818522924865 0.06976065752590653 0.11210762331838565
6 0.6206161768622924 0.4832982520362405 0.0805418500526375 0.10638784661846798
6 0.6821323930442282 0.48158231902626525 0.07419997209573694 0.1304109087581221
6 0.7094024682589009 0.3952136908575089 0.08181022564401762 0.10638784661846803
