6 0.710987937748126 0.6503157316738354 0.09893329612764942 0.15443397089777622
6 0.8286297738486321 0.4461197034867759 0.06658971854745625 0.12125926603825382
6 0.7113050316459709 0.06518257527226136 0.07673672327849716 0.12583508739818797
6 0.48997349095014014 0.2556511393795186 0.06405296736469603 0.10409993593850096
6 0.5292931342829239 0.3122769287087032 0.06532134295607621 0.09380433787864924
6 0.5648076508415671 0.40722522192733596 0.07546834768711712 0.11210762331838565
6 0.48933930315445007 0.3837741374576737 0.06658971854745625 0.10409993593850093
6 0.4836316129932395 0.4798663860162899 0.074199972095737 0.11553948933833622
6 0.41133420428457274 0.3608950306580031 0.06658971854745625 0.1338427747780727
6 0.37518549993023936 0.416948842317196 0.074199972095737 0.11782740001830326
6 0.37201456095178903 0.5096092248558616 0.08688372800953821 0.09494829321863275
6 0.30796159358709296 0.5096092248558616 0.08181022564401771 0.1201153106982703
6 0.29400946208191164 0.5936899423446509 0.06024784059055564 0.1258350873981879
6 0.6082495148463363 0.7326805161526495 0.10654354967592997 0.14299441749794087
