6 0.7414289519412488 0.09892925780177542 0.0672239063431463 0.09494829321863275
6 0.7826511586611027 0.22419236752997163 0.05454015042934503 0.10753180195845156
6 0.9028297459443689 0.757847533632287 0.052637587042274996 0.07893291845886338
6 0.8723887317512462 0.8728150453006316 0.048832460268134655 0.084652695158781
6 0.7550639895485851 0.7275327171227235 0.06658971854745639 0.11210762331838565
6 0.7499904871830646 0.8407842957810927 0.038685455537093606 0.08694060583874805
6 0.6019076368894357 0.6892102132332755 0.046929896881064415 0.07893291845886338
6 0.5930290077497749 0.8184771666514139 0.0545401504293451 0.08579665049876452
6 0.33903679557590594 0.6577514413837284 0.06658971854745625 0.11668344467831987
6 0.21822402049694953 0.5656630365150545 0.05834527720348547 0.07893291845886338
6 0.1770018137770957 0.651459687013819 0.052003399246584904 0.08579665049876452
6 0.14465823619690263 0.724100851102773 0.05327177483796504 0.09609224855861634
