20 0.19618834080717487 0.3704164077066501 0.05605381165919283 0.020716801325875306
20 0.1429372197309417 0.40045576962916923 0.05044843049327354 0.018645121193287754
3 0.48579970104633785 0.5211311373523928 0.05231689088191339 0.03211104205510667
3 0.4334828101644246 0.5532421794074995 0.05979073243647252 0.030039361922519183
3 0.5754857997010465 0.5713693805676403 0.05605381165919283 0.02693184172363782
3 0.5278400597907326 0.6060700227884814 0.061659192825112105 0.03211104205510667
3 0.7613976083707026 0.6749533871970167 0.061659192825112105 0.031075201988812924
3 0.7090807174887892 0.7055106691526828 0.061659192825112105 0.030039361922519256
3 0.8566890881913304 0.7267453905117051 0.0653961136023918 0.033146882121400406
3 0.7987668161434978 0.757302672467371 0.061659192825112105 0.02796768178993163
