3 0.20085949177877438 0.24352599958566398 0.05418535127055323 0.025896001657344115
3 0.1420029895366219 0.27304744147503623 0.05979073243647252 0.022788481458462823
3 0.2989536621823618 0.29583592293349903 0.07473841554559026 0.026931841723637856
3 0.23916292974588954 0.3248394447897245 0.05605381165919283 0.022788481458462788
3 0.4745889387144993 0.39475864926455356 0.06352765321375195 0.02589600165734408
3 0.4204035874439463 0.42479801118707267 0.06352765321375195 0.030039361922519183
3 0.5680119581464874 0.44396105241350736 0.05979073243647252 0.022788481458462857
3 0.5166292974588941 0.47607209446861404 0.061659192825112105 0.031075201988812924
20 0.8594917787742901 0.598819142324425 0.05979073243647252 0.02796768178993163
20 0.8025037369207773 0.6283405842137973 0.054185351270552976 0.02693184172363789
