20 0.595565758932535 0.133819895671273 0.026635887418982526 0.03889448155943993
20 0.6288606182062633 0.19044568500045758 0.02600169962329247 0.0423263475793905
3 0.4439948757626108 0.43124828406699006 0.032977765375883095 0.05948567767914339
3 0.4757042655471138 0.4821542966962569 0.02790426301036264 0.06062963301912697
3 0.3961136971880113 0.5250526219456393 0.03614870435433338 0.05262194563924226
3 0.42433505409621897 0.5776745675848814 0.026635887418982457 0.043470302919373954
3 0.2921068986948415 0.704653610323053 0.03361195317157315 0.05719776699917634
3 0.32349919458149945 0.7618513773222293 0.030441014193122867 0.054909856319209305
3 0.2423231567331718 0.7984579482017022 0.032977765375883095 0.054909856319209305
3 0.27244707702844967 0.8527958268509198 0.02980682639743281 0.05376590097922565
