21 0.5175635276532138 0.16739175471307233 0.05979073243647252 0.043505282784338115
21 0.5829596412556055 0.17826807540915685 0.06352765321375195 0.048684483115806906
21 0.6492899850523169 0.19121607623782888 0.05418535127055323 0.04972032318210068
21 0.711883408071749 0.20312823700020718 0.05979073243647226 0.04661280298321939
21 0.7791479820627804 0.21245079759685107 0.05231689088191339 0.04246944271804432
21 0.8380044843049328 0.22488087839237622 0.05792227204783267 0.04246944271804432
21 0.9034005979073245 0.23523927905531383 0.061659192825112105 0.04454112285063187
21 0.29988789237668173 0.25699192044748287 0.06913303437967123 0.04454112285063187
21 0.4633781763826609 0.28444168220426763 0.06726457399103139 0.04143360265175054
21 0.5427877428998505 0.2948000828672053 0.057922272047832415 0.04143360265175058
21 0.6268684603886399 0.30774808369587736 0.0653961136023918 0.04868448311580694
21 0.7118834080717489 0.32224984462399003 0.06726457399103139 0.04454112285063187
21 0.7884902840059791 0.3351978454526621 0.06352765321375195 0.04143360265175061
21 0.2513079222720479 0.34296664594986537 0.07286995515695067 0.03211104205510674
21 0.3335201793721974 0.3579863269111249 0.07660687593423011 0.033146882121400476
21 0.4082585949177878 0.37093432773979695 0.07660687593423036 0.03418272218769422
21 0.49701046337817656 0.3849181686347628 0.07847533632286996 0.033146882121400406
21 0.5745515695067266 0.39734824943028796 0.07660687593423011 0.031075201988812924
21 0.6567638266068759 0.41029625025896005 0.07660687593423011 0.03211104205510667
21 0.7399103139013454 0.42324425108763203 0.08221225710014939 0.03521856225398796
21 0.36341554559043354 0.46053449347420755 0.07660687593423036 0.04764864304951313
21 0.4474962630792228 0.47348249430287964 0.0653961136023918 0.040397762585456805
21 0.610986547085202 0.4988605759270769 0.07100149476831083 0.04143360265175054
21 0.6922645739910315 0.5128444168220427 0.06913303437967123 0.03832608245286925
4 0.1588191330343797 0.524756577584421 0.0747384155455904 0.03729024238657551
4 0.25317638266068776 0.5397762585456806 0.061659192825112105 0.03211104205510667
4 0.3437967115097161 0.5553138595400869 0.07473841554559026 0.03211104205510667
4 0.4390881913303439 0.5729231406670809 0.0635276532137517 0.025896001657344153
4 0.5353139013452914 0.585871141495753 0.061659192825112105 0.02693184172363789
