4 0.46524663677130046 0.4082245701263725 0.06726457399103139 0.030039361922519114
4 0.5596038863976085 0.4227263310544852 0.061659192825112105 0.02589600165734408
4 0.6548953662182363 0.4392997721151854 0.061659192825112105 0.02796768178993163
4 0.7501868460388641 0.4569090532421794 0.07660687593423036 0.03211104205510667
4 0.8408071748878925 0.471928734203439 0.05979073243647226 0.02486016159105034
21 0.2989536621823618 0.48746633519784544 0.07100149476831108 0.043505282784338094
21 0.383968609865471 0.4988605759270769 0.06913303437967123 0.045576962916925645
21 0.5493273542600898 0.5242386575512741 0.06352765321375195 0.040397762585456805
21 0.6268684603886399 0.5361508183136524 0.061659192825112105 0.03936192251916306
21 0.2671898355754858 0.5729231406670809 0.07100149476831083 0.03418272218769422
21 0.34846786248131556 0.5869069815620468 0.061659192825112105 0.033146882121400406
21 0.42320627802690597 0.6008908224570126 0.0803437967115098 0.0362544023202817
21 0.5026158445440958 0.6102133830536565 0.07847533632286996 0.040397762585456805
21 0.5820254110612856 0.6247151439817692 0.08034379671150954 0.03211104205510667
21 0.6633034379671152 0.6412885850424694 0.07473841554559026 0.03211104205510674
21 0.7473841554559044 0.6547545059042883 0.07473841554559026 0.03418272218769422
21 0.21207025411061295 0.6666666666666666 0.061659192825112105 0.043505282784338094
21 0.288677130044843 0.6780609073958981 0.061659192825112105 0.04143360265175061
21 0.3708893871449926 0.6904909881914232 0.05792227204783267 0.043505282784338094
21 0.45123318385650235 0.7024031489538015 0.05792227204783267 0.042469442718044426
21 0.5334454409566518 0.7169049098819141 0.06539611360239155 0.04868448311580687
21 0.6903961136023916 0.7417650714729646 0.06913303437967123 0.05075616324839449
21 0.09248878923766822 0.7640356328982806 0.05792227204783254 0.045576962916925576
21 0.16162182361733934 0.774394033561218 0.04671150971599398 0.045576962916925576
21 0.22047832585949187 0.7873420343898903 0.05231689088191313 0.04661280298321939
21 0.28774289985052326 0.797182515019681 0.05605381165919283 0.04764864304951306
21 0.3550074738415546 0.8075409156826187 0.04484304932735426 0.045576962916925576
21 0.4138639760837071 0.8184172363787031 0.05044843049327354 0.04246944271804429
21 0.4736547085201795 0.8261860368759064 0.05792227204783267 0.05179200331468816
