21 0.23534709098058115 0.09092157042189074 0.043124770106924074 0.05147799029925874
21 0.2261513679430753 0.15955889082090233 0.04883246026813462 0.0514779902992587
21 0.21156504864220393 0.22076050151002108 0.045027333493994244 0.054909856319209305
21 0.20585735848099337 0.2859659558890821 0.045027333493994244 0.0526219456392422
21 0.19571035374995244 0.35288734327811844 0.04122220671985387 0.05376590097922578
21 0.18746591240598162 0.4180927976571795 0.04249058231123398 0.05376590097922578
21 0.1754163442878705 0.4787224306763064 0.045027333493994244 0.05605381165919283
21 0.3345974810060755 0.21103688112016106 0.04122220671985387 0.06291754369909396
21 0.32476757017287955 0.2876818888990573 0.03931964333278366 0.058341722339159935
21 0.3092299691784731 0.37061865104786307 0.03995383112847372 0.06406149903907754
21 0.2984487766517421 0.4495515695067265 0.03995383112847379 0.06177358835911043
21 0.28354536345302567 0.535348220005491 0.04185639451554396 0.05719776699917634
21 0.25754366382973326 0.692642079253226 0.05073502365520479 0.06291754369909396
21 0.42465214799406403 0.2693786034593209 0.03361195317157315 0.07664500777889631
21 0.41133420428457274 0.34430767822824193 0.03614870435433338 0.0777889631188798
21 0.3980162605750815 0.4283883957170312 0.03361195317157315 0.07893291845886333
21 0.3853325046612803 0.5067493365059028 0.034880328762953265 0.07778896311887994
21 0.37264874874747905 0.5873981879747414 0.031075201988812924 0.07435709709892917
21 0.3593308050379878 0.6657591287636131 0.02980682639743281 0.07550105243891282
21 0.3441102979414264 0.7515557792623776 0.02980682639743281 0.0709252310789786
21 0.5137555332885174 0.3065571520087856 0.03805126774140362 0.05262194563924226
21 0.4975837444984209 0.3860620481376407 0.03741707994571356 0.05376590097922578
21 0.4731675143643535 0.5462157957353345 0.04185639451554396 0.058341722339159935
21 0.457629913369947 0.629724535554132 0.04375895790261413 0.04919007961929157
4 0.5879555053842543 0.46785485494646295 0.030441014193122867 0.05948567767914345
4 0.5717837165941578 0.5576553491351698 0.028538450806052697 0.06062963301912691
4 0.5575144911911315 0.6497437540038437 0.02790426301036264 0.06634940971904452
4 0.542611077992415 0.7486958909124188 0.028538450806052697 0.06291754369909396
4 0.5261221953044736 0.8419282511210762 0.03361195317157315 0.06406149903907747
