4 0.47158204487512845 0.15612702480095175 0.027270075214672583 0.060629633019126945
4 0.45604444388072196 0.24821542966962573 0.026635887418982526 0.05948567767914342
4 0.4392384672949354 0.3414477898782831 0.02980682639743281 0.06291754369909403
4 0.42401796019837396 0.43811201610689116 0.02980682639743281 0.05719776699917634
4 0.4119683920802628 0.5336322869955157 0.03234357758019304 0.06978127573899509
21 0.5394401390139648 0.3643268966779537 0.041222206719853834 0.06291754369909396
21 0.5251709136109385 0.4501235471767182 0.03931964333278366 0.058341722339159865
21 0.4994863078854911 0.6125652054543791 0.03741707994571356 0.05376590097922578
21 0.48616836417599973 0.6897821909032672 0.03995383112847379 0.06406149903907747
21 0.6532768483403305 0.24592751898965864 0.032977765375883095 0.07092523107897868
21 0.6396418107329942 0.32657637045849736 0.03234357758019304 0.07435709709892924
21 0.6247383975342778 0.41008511027729483 0.03170938978450298 0.07664500777889628
21 0.6145913928032368 0.49588176077605933 0.036782892150023436 0.07893291845886333
21 0.6003221674002105 0.5736707238949392 0.03234357758019304 0.07893291845886338
21 0.5870042236907193 0.6526036423538024 0.03361195317157315 0.07893291845886338
21 0.5755888433682982 0.7298206278026905 0.03614870435433345 0.08236478447881396
21 0.743014421430474 0.30312528598883504 0.04502733349399431 0.06863732039901163
21 0.7176469096028716 0.46327903358652883 0.04249058231123395 0.07321314175894572
21 0.7027434964041552 0.5439278850553675 0.04439314569830426 0.06520545437906106
21 0.6922793977752691 0.6245767365242061 0.03995383112847372 0.05948567767914339
21 0.6789614540657779 0.7012217443031024 0.04629570908537443 0.06634940971904452
21 0.6653264164584417 0.7830145511119246 0.04439314569830412 0.06749336505902805
21 0.8270443043594069 0.5147570238857875 0.050735023655204825 0.059485677679143326
21 0.8162631118326757 0.5816784112748239 0.057076901612105255 0.04919007961929169
21 0.8010426047361144 0.6474558433238766 0.04946664806382471 0.04804612427930817
21 0.7924810694942985 0.7120893200329459 0.04375895790261406 0.04461425825935748
21 0.7816998769675676 0.7755788414020317 0.04375895790261406 0.05719776699917634
21 0.7696503088494564 0.8384963851011257 0.04502733349399431 0.05719776699917634
21 0.7601374919141055 0.9025578841402031 0.03995383112847372 0.054909856319209305
