10 0.8032339266554787 0.3690399478394155 0.02544774271644345 0.01792066863158536
10 0.7624762716993588 0.4032569862010851 0.02544774271644345 0.01792066863158536
10 0.782930754628738 0.38561847277774175 0.02544774271644345 0.01792066863158536
10 0.8095889845662878 0.44405510414958793 0.03199537813970125 0.01430603163951238
10 0.8331522187680541 0.4281400252414524 0.028886626867314195 0.01334517876820187
10 0.5697933534526716 0.5581897233965635 0.024090423139499804 0.014382112459333851
10 0.48620799522970776 0.6254566955156031 0.02409042313949968 0.014382112459333851
10 0.46467290293645513 0.6430033444525421 0.024090423139499804 0.014382112459333782
10 0.5500311259002678 0.575562929345658 0.02409042313949987 0.014382112459333851
10 0.44365924144933444 0.6593937068038509 0.024090423139499804 0.014382112459333782
10 0.3605953140325027 0.72434810575163 0.024090423139499804 0.014382112459333782
10 0.3828604094543402 0.7086515153516993 0.024090423139499804 0.014382112459333782
10 0.40251835084551757 0.6923767816589537 0.024090423139499804 0.014382112459333782
10 0.20296678133879117 0.8508747653842198 0.024090423139499773 0.014382112459333782
10 0.2575605867408143 0.8059819386971256 0.02409042313949968 0.014382112459333782
10 0.29807576037727274 0.7743864077447791 0.024090423139499804 0.014382112459333782
10 0.12407430037101555 0.9149619493927764 0.02409042313949971 0.014382112459333782
10 0.6621908922992669 0.7871922816806339 0.024090423139499804 0.014382112459333782
4 0.6378923766816144 0.7347767644210617 0.01929293982688492 0.01618801219882347
4 0.6060850975075608 0.7623831066529839 0.03180727917405363 0.011273794209894902
6 0.6266816143497758 0.7513983840894966 0.02815726353112939 0.014164510673970572
6 0.6368495150693503 0.7732232933932676 0.016164354990092836 0.010984722563487264
3 0.6827354260089686 0.7654183589402633 0.058921681092918954 0.023703875005420073
