12 0.08429329209244511 0.12451767650432789 0.016621619668434822 0.02607154030660131
12 0.1482503938601182 0.20273229742413182 0.014453582320378104 0.023464386275941135
12 0.1908884617052336 0.2561789550526645 0.017344298784453704 0.0312858483679216
12 0.2248543801581222 0.2978934195432266 0.014453582320378104 0.028678694337261425
12 0.27218986225736047 0.3591615392637397 0.01806697790047262 0.03128584836792154
12 0.28989550059982366 0.38067056001668576 0.01734429878445374 0.02476796329127129
12 0.3054331015942301 0.40283136927729696 0.015176261436397021 0.02476796329127129
12 0.3397603596051282 0.444545833767859 0.014453582320378138 0.029982271352591513
12 0.3567433188315724 0.46540306601314 0.016621619668434857 0.024767963291271223
12 0.37372627805801667 0.48691208676608616 0.01734429878445374 0.0234643862759412
12 0.4225071183892928 0.5501355720095943 0.015176261436397021 0.0273751173219314
12 0.4405740962897654 0.5696892272395453 0.016621619668434857 0.029982271352591447
10 0.5529506988307052 0.8088956095526123 0.013008224088340233 0.033893002398581645
10 0.5702949976151589 0.8291010532902285 0.014453582320378138 0.0351965794139118
10 0.5973954644658678 0.761315048493065 0.019512336132510456 0.0273751173219314
10 0.611849046786246 0.781520492230681 0.022403052596586055 0.026071540306601377
10 0.6295546851287092 0.8023777244759621 0.020235015248529338 0.023464386275941072
3 0.23352652955034903 0.681145062050266 0.02601644817668061 0.059964542705183026
6 0.24798011187072713 0.6270466159140681 0.013008224088340304 0.029982271352591447
6 0.22521571971613163 0.6387788090520389 0.013730903204359221 0.019553655229951
4 0.2361281743680171 0.6024350818646366 0.0104065792706722 0.02555010950046934
4 0.26489080318556957 0.6371102304724162 0.01474265396678567 0.019814370633016953
12 0.21040079783774407 0.6616174783606215 0.017922442077268837 0.028157263531129517
