12 0.8746219626655543 0.084365560004047 0.028678694337261425 0.014453582320378104
12 0.7008290749817498 0.22418951537138476 0.028678694337261425 0.014453582320378104
12 0.7413442486182082 0.19172676947981557 0.028678694337261425 0.014453582320378104
12 0.7954166232140996 0.14770115773194387 0.028678694337261425 0.014453582320378104
12 0.514000417144645 0.3721074768381343 0.028678694337261425 0.014453582320378069
12 0.5326154969235583 0.355543671498981 0.028678694337261425 0.014453582320378138
12 0.5543591615392639 0.33840172286701264 0.028678694337261678 0.014453582320378138
12 0.5980029200125144 0.3062280486218509 0.028678694337261425 0.014453582320378104
12 0.6166179997914276 0.28995331492910514 0.028678694337261425 0.014453582320378104
12 0.6367973719887371 0.2736785812363594 0.028678694337261425 0.014453582320378104
12 0.42989362811554915 0.4405307355428042 0.028678694337261425 0.014453582320378069
12 0.44955156950672653 0.42309971526442824 0.028678694337261425 0.014453582320378069
10 0.18841902179580772 0.5539624495931317 0.03285014078631764 0.013586367381155439
10 0.16844822192095113 0.5697746686516253 0.03285014078631764 0.013586367381155439
10 0.2359735113150485 0.5959356526515096 0.02534153717801645 0.017517741772298236
10 0.21652414224632394 0.612615086649226 0.02534153717801645 0.017517741772298236
10 0.1939461883408072 0.628138234061312 0.02534153717801645 0.017517741772298024
3 0.31408384607362605 0.23396013701996038 0.06309312754197514 0.025149233237457908
4 0.39360204400876003 0.23598363854481333 0.027114401918865383 0.011273794209894902
4 0.3591876108040463 0.263879052423143 0.025028678694337243 0.01965687195571424
6 0.36179476483470646 0.22514345180452974 0.021900093857545093 0.012719152441932738
6 0.37222338095734697 0.24769104022431956 0.027114401918865383 0.013297295734747836
12 0.33494107831890707 0.211123476953763 0.028678694337261425 0.015898940552415905
