12 0.2765259369534739 0.27638439879028054 0.019512336132510456 0.0351965794139118
12 0.3618020726437047 0.38327771404734595 0.022403052596586055 0.043018041505892134
12 0.42178443927327386 0.4556262383981646 0.01806697790047262 0.0312858483679216
12 0.46333848844436093 0.5084211075190322 0.021680373480567172 0.035196579413911674
12 0.5323543440241664 0.5918500365001564 0.02095769436454822 0.03258942538325162
12 0.5533120383887146 0.6192251538220879 0.019512336132510456 0.03258942538325162
12 0.5760764305433101 0.6492074251746793 0.01734429878445374 0.03258942538325162
12 0.6201598566204634 0.7046094483262071 0.020235015248529338 0.033893002398581645
12 0.6429242487750588 0.7313327771404735 0.016621619668434857 0.037803733444571976
12 0.6667726596036826 0.75935968297007 0.01806697790047262 0.033893002398581645
12 0.732536459161403 0.8427886119511941 0.01806697790047262 0.03650015642924182
12 0.7574688886640554 0.8734226718114506 0.018789657016491504 0.03780373344457185
