12 0.7242152466367714 0.2777087217733582 0.03736920777279513 0.021752641392169047
12 0.6158445440956652 0.36420136730888747 0.03736920777279513 0.018645121193287754
12 0.5429745889387146 0.42376217112077896 0.04484304932735426 0.025896001657344153
12 0.4915919282511212 0.4636420136730888 0.0467115097159941 0.018645121193287754
12 0.40657698056801206 0.5314895380153305 0.037369207772795385 0.0238243215247566
12 0.3785500747384156 0.5532421794074995 0.037369207772795385 0.021752641392169047
12 0.3486547085201794 0.5760306608659623 0.04484304932735426 0.021752641392169047
12 0.29260089686098656 0.6221255438160348 0.04484304932735426 0.02486016159105034
12 0.26644245142003 0.643360265175057 0.04484304932735426 0.019680961259581495
12 0.23748131539611364 0.6666666666666666 0.04297458893871441 0.02278848145846272
12 0.15526905829596413 0.7334783509426145 0.03923766816143498 0.02382432152475667
12 0.125373692077728 0.757302672467371 0.04297458893871441 0.021752641392169047
