12 0.2425600185005854 0.12386588799666284 0.020957694364548255 0.04041088747523203
12 0.2667697688872187 0.15515173636458443 0.020235015248529338 0.03258942538325166
12 0.3343402662349863 0.23923245385337366 0.02095769436454829 0.04171446449056211
12 0.355659300157544 0.26725935968297004 0.018789657016491573 0.03780373344457191
12 0.37914637142815844 0.2939826884972364 0.02095769436454829 0.04171446449056205
12 0.42395247662133057 0.35068828866409424 0.01806697790047262 0.04041088747523203
12 0.44563285010189774 0.3780634059860257 0.02095769436454829 0.03780373344457191
12 0.4673132235824649 0.4060903118156221 0.022403052596586055 0.033893002398581715
12 0.5345223813722231 0.4901710293044113 0.01806697790047262 0.03780373344457185
12 0.5778831283333574 0.542314109917614 0.019512336132510456 0.03780373344457185
12 0.6353361180568604 0.6159662112837626 0.020235015248529407 0.03650015642924195
12 0.7224189515371384 0.7235113150484931 0.016621619668434857 0.037803733444571976
