10 0.5439172098804688 0.2555271665449995 0.022403052596586055 0.048232349567212424
10 0.5663202624770549 0.2874648034205861 0.015176261436397021 0.03650015642924182
10 0.4604477719802853 0.2939826884972364 0.02601644817668061 0.0234643862759412
10 0.48574154104094697 0.3239649598498279 0.02601644817668061 0.028678694337261425
10 0.5070605749635047 0.3526436541870894 0.025293769060661726 0.028678694337261487
12 0.7242256493271857 0.6185733653144229 0.018789657016491504 0.039107310459902
12 0.7469900414817813 0.6492074251746793 0.02095769436454829 0.03258942538325162
12 0.8167285761776055 0.7385024507247889 0.015898940552415974 0.03650015642924182
12 0.8416610056802578 0.7678329335697153 0.01806697790047262 0.037803733444571976
12 0.862618700044806 0.7945562623839817 0.02095769436454829 0.03650015642924182
12 0.9088701634700159 0.8551725935968297 0.02095769436454815 0.0351965794139118
12 0.931273216066602 0.8838512879340911 0.016621619668434857 0.0273751173219314
12 0.953676268663188 0.9118781937636874 0.02095769436454815 0.03650015642924182
