10 0.2839396788659048 0.43217586559473925 0.04249240561261395 0.018544878606227017
10 0.2595291479820628 0.4547304476833938 0.04249240561261389 0.014535175123799588
10 0.35174670909879935 0.49257202429880304 0.029835093302473612 0.022053369153351047
10 0.3237198032692029 0.5161290322580645 0.029835093302473612 0.02105094328274424
10 0.29343266309851007 0.5396860402173259 0.03073918703891215 0.02405822089456487
12 0.6184543613481847 0.27604803624771945 0.03345146824822801 0.01804366567092365
12 0.6482894546506581 0.25249102828845804 0.03525965572110521 0.020048517412137368
12 0.7373426876898597 0.18232121734597725 0.03254737451178935 0.01804366567092365
12 0.7671777809923332 0.15826299645141242 0.03435556198466655 0.019046091541530526
12 0.7961087805583683 0.13620962729806133 0.03616374945754375 0.01904609154153051
12 0.8562310140315348 0.09059925018544876 0.03525965572110521 0.018043665670923633
12 0.8847099667293504 0.06779406162914252 0.03616374945754375 0.018544878606227073
12 0.9122848256907276 0.044487660137532824 0.037067843193982285 0.019046091541530506
