12 0.04454594071140532 0.08606215455209094 0.019512336132510442 0.03258942538325166
12 0.06875569109803864 0.11604442590468246 0.02023501524852935 0.03519657941391177
12 0.09007472502059635 0.14146417770361874 0.020957694364548238 0.039107310459902
12 0.13524216977177794 0.20403587443946192 0.01878965701649154 0.033893002398581715
12 0.157645222368364 0.23271456877672334 0.020235015248529355 0.03650015642924189
12 0.18221631231300678 0.26074147460631975 0.021680373480567172 0.03780373344457191
12 0.2505094887767933 0.3493847116487642 0.022403052596586055 0.04041088747523203
12 0.27544191827944553 0.37936698300135574 0.021680373480567172 0.04041088747523203
10 0.49260699264312663 0.6452966941286891 0.028184485524737325 0.03258942538325162
10 0.515371384797722 0.6752789654812806 0.024571089944642775 0.03258942538325162
10 0.5381357769523176 0.7033058713108771 0.025293769060661726 0.033893002398581645
10 0.43117926778151966 0.7143862759411826 0.019512336132510456 0.04041088747523203
10 0.45538901816815297 0.7430649702784441 0.020235015248529338 0.04041088747523203
