10 0.7052473600462896 0.46024378997173154 0.04068421813973669 0.023557007959261394
10 0.6772204542166931 0.48279837206038606 0.029835093302473612 0.02255458208865459
10 0.6478374077824389 0.5056035606166923 0.025314624620280547 0.02405822089456487
10 0.7436713438449297 0.5421921048938432 0.04158831187617535 0.01904609154153049
10 0.7124801099377983 0.5657491128531045 0.046108780558368284 0.018043665670923685
12 0.3799072876832925 0.7230684760187137 0.03576439516905555 0.01753937780963675
12 0.35136454923106547 0.747089797801477 0.035076618338881364 0.0160142145218423
12 0.26264133813860074 0.817247309040024 0.03645217199922968 0.015251632877945074
12 0.23306693444111254 0.8414592762337616 0.0350766183388814 0.017158086987688136
12 0.20280475391345018 0.8641460801397048 0.03920327931992627 0.01753937780963675
12 0.14606316542408318 0.909329042540617 0.03851550248975213 0.01639550534379077
12 0.11648876172659493 0.9320158464465601 0.03438884150870726 0.01753937780963675
12 0.08794602327436793 0.954512004941529 0.030949957357836514 0.018301959453533974
