2 0.4990657698056802 0.29272840273461775 0.08034379671150954 0.043505282784338094
2 0.7513079222720479 0.32691112492231195 0.07660687593423036 0.04143360265175058
2 0.4551569506726459 0.44396105241350736 0.07473841554559052 0.03936192251916299
2 0.6756352765321376 0.5812098611974311 0.07473841554559026 0.03418272218769422
2 0.4252615844544096 0.5434016987777087 0.07473841554559052 0.03521856225398803
2 0.4121823617339313 0.5941578620261031 0.07847533632286996 0.03936192251916306
2 0.6597533632286997 0.6314481044126787 0.07660687593423011 0.04143360265175061
2 0.6326606875934231 0.7319245908431739 0.07473841554559052 0.03729024238657551
2 0.6149103139013454 0.7852703542573026 0.0803437967115098 0.04454112285063191
2 0.31689088191330345 0.8888543608866791 0.0747384155455904 0.040397762585456805
