2 0.7054359923106942 0.5005996454270518 0.03757931403298301 0.07951819793513402
2 0.5562027548527902 0.4530190843675044 0.03685663491696412 0.07821462091980394
2 0.45538901816815297 0.42499217853790805 0.033243239336869644 0.0743038898738138
2 0.40624683827886743 0.4106528313692773 0.03902467226502084 0.0795181979351341
2 0.10850304247907844 0.31809886328084264 0.03757931403298308 0.07951819793513402
2 0.2187116076719615 0.6133590572531025 0.03396591845288856 0.07821462091980387
2 0.2656857502131903 0.6296537699447283 0.0368566349169642 0.07951819793513402
2 0.367583505571856 0.6583324642819897 0.03685663491696412 0.08473250599645425
2 0.4167256854611415 0.6772343310042757 0.03830199314900203 0.08082177495046405
2 0.6729154320898435 0.7482792783397643 0.03468859756890748 0.08212535196579407
