2 0.35706278026905836 0.10990263103376839 0.11023916292974593 0.05489952351356949
2 0.7447683109118087 0.16324839444789724 0.09715994020926765 0.04764864304951315
2 0.7064648729446936 0.2600994406463642 0.1289237668161435 0.06732960430909465
2 0.32810164424514204 0.21555831779573234 0.10837070254110609 0.05075616324839446
2 0.6821748878923767 0.3528071265796561 0.10650224215246637 0.05593536357986326
2 0.3066143497757847 0.31966024445825564 0.1289237668161435 0.060078723845038366
2 0.3934977578475336 0.5558317795732339 0.11210762331838565 0.045576962916925576
2 0.36640508221225715 0.6620053863683447 0.1139760837070255 0.054899523513569595
2 0.32903587443946203 0.7666252330640149 0.1139760837070255 0.05697120364615708
2 0.3038116591928251 0.8650300393619226 0.11210762331838565 0.06111456391133204
