19 0.6367814762888983 0.127124830534988 0.03902467226502084 0.07039315882782354
19 0.576799109659329 0.2222859526540828 0.043360746961134344 0.07300031285848364
19 0.5150100452397126 0.32135780581916773 0.04408342607715323 0.07300031285848371
19 0.447439547891945 0.4132599853999374 0.043360746961134344 0.06908958181249351
19 0.3823984274502435 0.5155907811033476 0.043360746961134275 0.0703931588278236
4 0.3422897365111943 0.6316091354677233 0.04119270961307763 0.06778600479716343
4 0.30434908292020174 0.6452966941286892 0.03902467226502088 0.0664824277818334
4 0.2750805787214361 0.7378506622171237 0.03974735138103976 0.07169673584315363
4 0.23713992513044355 0.7567525289394097 0.03613395580094528 0.06517885076650325
4 0.20389668579357392 0.8473511315048493 0.03613395580094528 0.06387527375117323
4 0.16378799485452467 0.8642976327041402 0.042638067845115396 0.07169673584315363
