4 0.1366659644265206 0.16601665964520046 0.07298281518042554 0.037957629274925866
4 0.1528425677912541 0.20543419773839267 0.07674481596292172 0.03754051246970689
4 0.24124958617991393 0.2402634509741763 0.06997321455442863 0.03295222761229828
4 0.2619405904836428 0.2740499121969125 0.06169681283293707 0.03044952678098445
4 0.3492190086375538 0.3088791654326961 0.06621121377193248 0.029198176365327566
4 0.3706624130977819 0.34349986026587026 0.0669636139284317 0.031700877196641365
19 0.48088903602491945 0.38333451516428146 0.0827640172149156 0.04046033010623961
19 0.5839678574653144 0.4484047367784401 0.07524001564992329 0.04046033010623968
19 0.6810274776537153 0.5138920751978177 0.06320161314593557 0.03628916205405001
19 0.7788394979986156 0.574999687162396 0.06470641345893403 0.035872045248831044
19 0.8695037168567731 0.6373586495426314 0.07900201643241954 0.037957629274925846
