2 0.13018341595964558 0.3044113046198769 0.054923612817436795 0.10428616122640524
2 0.2367785855724341 0.33243821044947336 0.05420093370141786 0.10819689227239544
2 0.3401216991631375 0.36176869329439987 0.06576379955772033 0.11471477734904582
2 0.4365993611516614 0.39175096464699133 0.06504112044170152 0.10950046928772554
2 0.6837556188301271 0.2991969965585567 0.047696821657247784 0.10950046928772554
2 0.7863760533048115 0.3304828449264783 0.050587538121323314 0.11471477734904575
2 0.8882738086634772 0.3506882886640943 0.05347825458539898 0.11341120033371574
2 0.6418402301010305 0.682448639065596 0.06215040397762585 0.11471477734904582
2 0.7404859294376112 0.7000469287725519 0.05853700839753144 0.12383981645635612
2 0.8373249309841443 0.7293774116174785 0.04841950077326666 0.09907185316508503
