19 0.36185299969550466 0.8709107051494267 0.03754051246970689 0.07072561471092782
19 0.42191781964703573 0.7772368856652722 0.04087744691145857 0.06846841424143027
19 0.4832339900142237 0.6779200650073736 0.040043213301020654 0.07448761549342407
19 0.5518497044727435 0.5853748457579679 0.042963030937553444 0.07448761549342407
19 0.6175456012947305 0.48417702470882107 0.040043213301020654 0.07524001564992323
4 0.6548775553618279 0.36642640021669126 0.037957629274925846 0.06395401330243473
4 0.6905410422080493 0.35213079724320584 0.03670627885926896 0.06997321455442859
4 0.7239103866255668 0.2618427784632979 0.040043213301020654 0.06997321455442863
4 0.7595738734717883 0.24190417431606825 0.041294563716677536 0.07373521533692477
4 0.7937774514997435 0.1527447557709092 0.03962609649580183 0.07448761549342402
4 0.8317350807746694 0.134310951936678 0.040460330106239756 0.07674481596292172
