19 0.12572327498915087 0.36150484171695496 0.06961521770577173 0.035586118406543826
19 0.22065311731520326 0.42265281982397396 0.0714234051786489 0.04160067363018501
19 0.3210075220598872 0.4835501914633412 0.06419065528714023 0.039094608953667856
19 0.41503327064950096 0.5507127247940014 0.0678070302328945 0.04109946069488161
19 0.5135794879213077 0.6146173740451893 0.08046434254303483 0.043605525371398765
4 0.6320157673947635 0.6544638024018123 0.06057428034138576 0.03809218308306105
4 0.6487415015188776 0.6900499208083561 0.0669029364964559 0.03608733134184723
4 0.7373426876898597 0.7218769422001242 0.0777520613337191 0.04160067363018508
4 0.7594929842326053 0.7569618476713647 0.08769709243454364 0.042603099500791886
4 0.8471900766671489 0.7922973596102567 0.07323159265152616 0.040097034824274735
4 0.862559670186605 0.8316425750315763 0.07142340517864897 0.03759097014775744
