2 0.16342665529651523 0.26400041714464495 0.043360746961134296 0.09385754510376473
2 0.2591816381690202 0.2933308999895714 0.0411927096130776 0.10037543018041505
2 0.35638197927356297 0.3207060173115027 0.047696821657247784 0.08473250599645431
2 0.11103241938514459 0.6485556366670143 0.055646291933455695 0.11732193137970601
2 0.2118461560697819 0.6668057148816352 0.05347825458539902 0.12514339347168627
2 0.3169959674505326 0.6980915632495569 0.05420093370141786 0.11992908541036593
2 0.5598161504328848 0.5957607675461466 0.05709165016549346 0.12905412451767648
2 0.6635206035815977 0.6413859630826989 0.06215040397762592 0.12383981645635625
2 0.7646956798242445 0.6681092918969653 0.050587538121323314 0.11992908541036605
2 0.8665934351829101 0.6941808322035665 0.050587538121323314 0.10689331525706543
