4 0.2890673781006981 0.24994689680672796 0.18873815064994043 0.07159097167042977
4 0.27416699778622916 0.331765150144362 0.17596639609468123 0.06844411577282847
4 0.25217119827439405 0.4127966895075957 0.16603280921836866 0.06687068782402784
4 0.2074700573309871 0.5764331961828638 0.1702900607367883 0.07159097167042977
4 0.18476471589941534 0.6613983054180991 0.16745189305784186 0.07159097167042977
4 0.8155474825452687 0.30305009007875006 0.1717091445762615 0.07237768564483009
4 0.7921325991939603 0.3825082014931831 0.18164273145257442 0.0708042576960294
4 0.7736845092808081 0.4615729559204159 0.1702900607367883 0.06687068782402777
4 0.7623318385650223 0.5374908544500475 0.1702900607367883 0.06293711795202615
4 0.7346597036952943 0.6173423228516807 0.19157631832888686 0.07473782756803109
