4 0.8084520633479025 0.34081236084996575 0.22279616279729808 0.08024482538883339
4 0.7850371799965941 0.4242040421364004 0.210024408242039 0.0786713974400327
4 0.26423341090991653 0.3805414165571822 0.1589373900210024 0.06215040397762585
4 0.2393994437191349 0.46353974085641675 0.16035647386047572 0.06923082974722877
4 0.22520860532440254 0.5402443533604487 0.14900380314468972 0.06057697602882516
4 0.20392234773230397 0.6193091077876817 0.16603280921836866 0.06451054590082685
4 0.19469830277572794 0.694833649330113 0.17596639609468123 0.06765740179842816
4 0.7353692456150308 0.5854804068884675 0.198671737526253 0.0786713974400327
4 0.7169211557018789 0.6696588021493025 0.19015723448941352 0.07237768564483002
4 0.7027303173071465 0.7502969845253361 0.1844808991315207 0.0715909716704297
