4 0.3386763409310998 0.19686620085514653 0.08166274011013627 0.17859005110021897
4 0.4261205139693873 0.20729481697778707 0.07009987425383377 0.1603399728855981
4 0.5793284865653952 0.2542235895296694 0.08310809834217407 0.17598289706955889
4 0.6649659618136354 0.27573261028261553 0.07804934453004182 0.1772864740848889
4 0.7509647766198853 0.2907237459589113 0.06504112044170152 0.16294712691625818
4 0.3852891439143191 0.7385024507247889 0.06648647867373929 0.16685785796224833
4 0.46297714888635144 0.7574043174470747 0.06865451602179601 0.16033997288559806
4 0.5395811351843554 0.7743508186463657 0.06865451602179601 0.16294712691625826
4 0.6176304797143972 0.7906455313379914 0.07154523248587154 0.1590363958702679
4 0.6971251824764768 0.8108509750756074 0.06576379955772041 0.15512566482427784
