4 0.30507176203622066 0.18969652727083117 0.07226791160189051 0.15642924183960788
4 0.3816757483342246 0.2007769319011367 0.07226791160189056 0.15773281885493795
4 0.45972509286426644 0.21967879862342268 0.07371326983392831 0.15903639587026805
4 0.5348837209302326 0.23923245385337366 0.07371326983392831 0.1746793200542288
4 0.6122103863442554 0.2685629366983001 0.07804934453004175 0.19162582125351968
4 0.24617341408067986 0.7046094483262071 0.08166274011013627 0.18250078214620924
4 0.3300041915388729 0.7176452184795077 0.07443594894994723 0.16685785796224833
4 0.41238961076502817 0.7332881426634685 0.07732666541402287 0.1694650119929085
4 0.5789671470073857 0.779565126707686 0.07082255336985271 0.19162582125351968
4 0.6624365849075693 0.8036813014912921 0.07009987425383377 0.1772864740848889
