16 0.2437306804823893 0.11251636727871739 0.1469371761940006 0.08628648319223783
16 0.36726675083808613 0.15173749600246186 0.15237929383081542 0.08507967923150722
16 0.7112085854847837 0.10527554351433381 0.1610866820497192 0.08870009111369902
16 0.8352888676041621 0.14268646629698237 0.16544037615917093 0.09111369903516023
16 0.7068548913753319 0.18794161482437985 0.15890983499499328 0.08266607131004604
16 0.8445404675867473 0.23108485642049872 0.14040663502982273 0.08447627725114192
16 0.7095759501937394 0.27634000494789623 0.16870564674125996 0.09171710101552549
16 0.23828856284557445 0.19789774750040726 0.14693717619400065 0.07482184556529714
16 0.3612804214375898 0.2371188762241518 0.15346771735817838 0.07964906140821953
16 0.24318646871870783 0.28116722079081863 0.15455614088554134 0.08085586536895013
16 0.3678109626017676 0.3218968544654764 0.1621751055770821 0.08628648319223785
16 0.23937698637293742 0.36443669408123 0.14911402324872658 0.07844225744748898
16 0.3618246332012713 0.4078816366675315 0.15237929383081542 0.07723545348675831
16 0.24100962166398185 0.4458959614305454 0.15673298794026735 0.08206266932968076
16 0.7112085854847837 0.36141968417940346 0.15890983499499328 0.08206266932968076
16 0.839642561713614 0.31676793763237127 0.14584875266663758 0.08688988517260311
16 0.8418194087683398 0.4054680287460703 0.1545561408855413 0.08568308121187247
16 0.7112085854847837 0.44559426044036277 0.167617223213897 0.08266607131004605
16 0.838554138186251 0.4905477079775776 0.15890983499499314 0.08447627725114196
16 0.7079433149026948 0.5318807436326005 0.1610866820497192 0.08387287527077658
16 0.8429078322957029 0.5756273872090848 0.1480255997213635 0.08688988517260314
16 0.7084875266663764 0.6127366090015507 0.16870564674125996 0.0802524633885848
16 0.36726675083808613 0.49084940896776014 0.15673298794026727 0.08749328715296845
16 0.23502329226348556 0.5327858466031485 0.16217510557708217 0.08326947329041129
16 0.36835517436544907 0.5735154802778063 0.16326352910444505 0.08749328715296845
16 0.8423636205320214 0.6601036644602267 0.1512908703034524 0.08447627725114189
16 0.7084875266663764 0.701134999125067 0.17523618790543774 0.08447627725114203
16 0.8429078322957029 0.7460884466622818 0.163263529104445 0.0778388554671236
16 0.7079433149026948 0.7856112763762091 0.17197091732334885 0.0784422574474889
16 0.839642561713614 0.8323749298545198 0.16108668204971907 0.08870009111369898
16 0.7052222560842875 0.8712943575880815 0.17088249379598588 0.08447627725114203
16 0.8412751970046584 0.915644403144931 0.15346771735817832 0.08507967923150718
16 0.23828856284557445 0.6160553198935598 0.16217510557708217 0.08085586536895009
16 0.3699878096564935 0.6576900565387656 0.1469371761940006 0.08688988517260307
16 0.24318646871870783 0.6996264941741539 0.14802559972136356 0.0778388554671236
16 0.36672253907440466 0.7403561278488116 0.14258348208454874 0.07723545348675831
16 0.2404654099003004 0.780482359543104 0.1469371761940006 0.0778388554671236
16 0.36944359789281206 0.8230221991588575 0.1502024467760895 0.08568308121187262
16 0.24536331577343376 0.8661654407549765 0.14584875266663763 0.0802524633885848
16 0.36835517436544907 0.9065933734394516 0.14149505855718578 0.0814592673493154
