16 0.3488967590705259 0.06647268207243348 0.15605890746025272 0.08545680546923555
16 0.6874490419894008 0.05976326346121249 0.15032613126783534 0.09463811514774845
16 0.8110222176926213 0.10072602971919316 0.15287403179779863 0.08898807842250975
16 0.6903154300856095 0.14645601446409398 0.15223705666530774 0.08086615062997908
16 0.8180289441500204 0.18936098084637548 0.15414798206278027 0.08757556924120007
16 0.6925448430493274 0.2312065653426747 0.1528740317977985 0.08157240522063393
16 0.21736139421116998 0.11414486694163511 0.1554219323277619 0.07627549579072264
16 0.35749592335915203 0.1533419967229787 0.15414798206278027 0.0861630600598904
16 0.35494802282918875 0.2372097293632408 0.15032613126783534 0.07662862308605006
16 0.8161180187525479 0.27358184078196507 0.1605177333876886 0.08510367817390813
16 0.6890414798206278 0.316839934459574 0.1586068079902161 0.08475055087858072
16 0.8142070933550754 0.3579792643652184 0.16433958418263353 0.09004746030849196
16 0.21767988177741543 0.2809975139838409 0.1586068079902161 0.08227865981128879
16 0.35176314716673457 0.31666337081191026 0.15414798206278024 0.0829849144019436
16 0.2224571952710966 0.3634527374427933 0.15924378312270687 0.08051302333465171
16 0.6868120668569099 0.40212017628114577 0.1605177333876886 0.0836911689925985
16 0.35208163473298004 0.40370924911011913 0.16497655931512434 0.08263178710661614
16 0.22022778230737872 0.446437651844737 0.14968915613534445 0.0776880049720323
16 0.3460303709743172 0.4884597999886999 0.1707093355075418 0.08757556924120004
16 0.8110222176926213 0.4432595061867902 0.1554219323277619 0.08192553251596138
16 0.8148440684875662 0.5287163116560257 0.17580513656746846 0.08969433301316461
16 0.2148134936812067 0.532777275552291 0.16688748471259682 0.08439742358325326
16 0.3444379331430901 0.5723275326289621 0.16625050958010598 0.07592236849539527
16 0.689996942519364 0.569325950618679 0.15287403179779863 0.09110684219447428
16 0.8097482674276396 0.6154090626589072 0.15032613126783534 0.0808661506299791
16 0.21863534447615166 0.6178809537261991 0.15796983285772526 0.08157240522063393
16 0.3460303709743171 0.6544296287925871 0.1592437831227069 0.08121927792530648
16 0.6880860171218915 0.6570780835075427 0.15669588259274356 0.0808661506299791
16 0.8103852425601303 0.6998064862421606 0.16688748471259682 0.08792869653652749
16 0.3447564207093355 0.7367082886038759 0.16561353444761515 0.07910051415334197
16 0.2176798817774154 0.7785538731001752 0.17134631064003258 0.0829849144019436
16 0.6874490419894008 0.7420051980337871 0.15924378312270696 0.08121927792530655
16 0.8186659192825112 0.783497655234759 0.15160008153281698 0.08439742358325326
16 0.3495337342030167 0.8200463303011469 0.15478495719527108 0.07345047742810332
16 0.6944557684467999 0.8256963670263856 0.15924378312270696 0.08263178710661621
16 0.8170734814512842 0.8689544607039945 0.14586730534039952 0.0836911689925985
16 0.689996942519364 0.9111531724956211 0.16561353444761517 0.08333804169727098
16 0.2183168569099062 0.862598169388101 0.15605890746025272 0.07874738685801459
16 0.35431104769669786 0.905150008475055 0.16306563391765183 0.08333804169727112
