16 0.8698454912049952 0.18708937324017103 0.08599881480624981 0.159036395870268
16 0.7842080159567548 0.19295546980915634 0.08094006099411735 0.16816143497757852
16 0.6978478615924957 0.19491083533215145 0.08310809834217414 0.1642507039315883
16 0.6140170841343027 0.19491083533215145 0.08021738187809854 0.1642507039315883
16 0.5294636275600908 0.18904473876316616 0.08599881480624967 0.1603399728855981
16 0.44454883142786933 0.19621441234748152 0.08672149392226862 0.16946501199290856
16 0.3578273375056007 0.19360725831682138 0.08816685215430642 0.15642924183960788
16 0.27363522048939826 0.19230368130149128 0.08599881480624974 0.15903639587026802
16 0.18655238700912022 0.18774116174783606 0.08383077745819302 0.15773281885493792
16 0.09946955352884211 0.18578579622484095 0.09611632243051439 0.14600062571696734
16 0.057192825241736155 0.3161434977578475 0.09105756861838206 0.15121493377828765
16 0.14752771474409931 0.3148399207425175 0.08527613569023082 0.16425070393158833
16 0.23135849220229232 0.32135780581916773 0.08672149392226862 0.16164354990092816
16 0.31807998612456095 0.3187506517885077 0.08383077745819302 0.16164354990092816
16 0.4055241591628485 0.31679528626551257 0.08383077745819302 0.17076858900823857
16 0.5724630349632156 0.30832203566586713 0.08672149392226862 0.16946501199290856
16 0.6609912266755316 0.3194024402961727 0.09611632243051438 0.16816143497757846
16 0.7430153063436772 0.3148399207425175 0.08383077745819302 0.17728647408488896
16 0.8264847442438608 0.3161434977578475 0.0845534565742119 0.17467932005422884
16 0.9135675777241389 0.31158097820419234 0.07515862806596602 0.16555428094691835
16 0.06839435154002918 0.6498592136823444 0.0831080983421741 0.15642924183960788
16 0.15222512899822221 0.6498592136823444 0.08310809834217409 0.16164354990092822
16 0.23388786910835851 0.6498592136823444 0.08166274011013627 0.1590363958702679
16 0.3202480234726177 0.6537699447283345 0.0809400609941174 0.16425070393158828
16 0.40444014048882015 0.6472520596516842 0.0744359489499472 0.14600062571696729
16 0.49080029485307936 0.6511627906976745 0.09105756861838206 0.15903639587026805
16 0.5721016954052062 0.643341328605694 0.08744417303828758 0.1694650119929085
16 0.6584618497694654 0.6479038481593493 0.09105756861838206 0.1864115131921993
16 0.7375952129735355 0.643341328605694 0.08599881480624967 0.18250078214620924
16 0.8203419717577001 0.642037751590364 0.07804934453004182 0.17467932005422873
16 0.9074248052379782 0.6466002711440192 0.0845534565742119 0.1733757430388987
16 0.10994840071111624 0.7834758577536761 0.0953936433144955 0.16294712691625826
16 0.2805006720915779 0.781520492230681 0.08383077745819302 0.15121493377828765
16 0.36360877043375195 0.7789133382000208 0.07515862806596615 0.15382208780894782
16 0.4481622270079639 0.7834758577536761 0.0823854192261552 0.14991135676295764
16 0.5301863066761097 0.7808687037230161 0.07877202364606063 0.13948274064031704
16 0.6154624423663404 0.7854312232766713 0.08455345657421183 0.16425070393158828
16 0.7773425643545752 0.7789133382000208 0.0787720236460607 0.16164354990092822
16 0.8618960209287871 0.7841276462613411 0.0773266654140228 0.1642507039315884
