11 0.23641724601442468 0.32461674835749293 0.10262043447468457 0.19684012931483996
11 0.33795366181508085 0.31288455521952235 0.10334311359070344 0.1838043591615392
11 0.43117926778151966 0.3194024402961727 0.1004523971266278 0.20726874543748047
11 0.4799601081127957 0.18448221920951088 0.1011750762426467 0.17989362811554904
11 0.5337997022562042 0.3194024402961727 0.09033488950236311 0.1890186672228595
11 0.5822192030294708 0.18383043070184588 0.09611632243051438 0.17076858900823863
11 0.6320840620347753 0.32200959432683285 0.08599881480624967 0.18641151319219945
11 0.6808649023660513 0.18969652727083117 0.09250292685041989 0.1825007821462092
11 0.7289230635813084 0.3161434977578475 0.08888953127032534 0.18771509020752947
11 0.7805946203766603 0.18969652727083117 0.0982843597785711 0.1825007821462092
11 0.8282914420339081 0.3148399207425175 0.08961221038634422 0.17728647408488896
11 0.21618223076589532 0.6954844092188965 0.08961221038634426 0.17207216602356867
11 0.31193721363840027 0.7039576598185421 0.0975616806625522 0.18119720513087922
11 0.4109442525329902 0.701350505787882 0.09756168066255214 0.1655542809469183
11 0.5077832540795236 0.6967879862342267 0.09178024773440101 0.16685785796224845
11 0.603899576510038 0.6974397747418917 0.09322560596643885 0.1890186672228595
11 0.6992932198245334 0.6935290436959015 0.09322560596643878 0.18380435916153928
11 0.7954095422550479 0.6980915632495569 0.09611632243051431 0.18771509020752947
