11 0.6840433482810165 0.19846695670188524 0.19245142002989518 0.10565568676196396
11 0.6896487294469358 0.300497203231821 0.1999252615844546 0.10047648643049514
11 0.6933856502242154 0.3978661694634349 0.19245142002989546 0.09426144603273251
11 0.7055306427503737 0.4941992956287549 0.19805680119581473 0.09011808576755748
11 0.7045964125560538 0.5900145017609282 0.18497757847533633 0.09322560596643885
11 0.7045964125560539 0.686865547959395 0.1812406576980569 0.09011808576755748
11 0.7045964125560538 0.784234514191009 0.1625560538116592 0.09218976590014497
11 0.3168908819133035 0.173088875077688 0.18310911808669672 0.09633312616532007
11 0.20198056801195824 0.22021959809405428 0.18497757847533633 0.09115392583385126
11 0.3224962630792228 0.2694220012430081 0.16816143497757846 0.10047648643049514
11 0.1945067264573991 0.3175885643256681 0.18497757847533633 0.09736896623161384
11 0.32249626307922274 0.3693805676403563 0.18684603886397605 0.10151232649678885
11 0.1889013452914799 0.4170292106898695 0.18124065769805675 0.09736896623161381
11 0.3271674140508222 0.46674953387197016 0.18497757847533644 0.10151232649678892
11 0.18796711509715996 0.5138802568883364 0.1831091180866966 0.10047648643049517
11 0.3290358744394619 0.5667081002693184 0.18871449925261588 0.10461984669567014
11 0.3206278026905831 0.6625233064014916 0.19805680119581473 0.10151232649678892
11 0.3243647234678626 0.7629997928319867 0.19058295964125574 0.10565568676196395
