11 0.19992195065546994 0.3102774011888622 0.10623383005477909 0.19162582125351968
11 0.29892898955006 0.3096256126811972 0.0961163224305144 0.1851079361768693
11 0.3961293306546027 0.3076702471582021 0.09683900154653333 0.18380435916153928
11 0.4904389552950698 0.305714881635207 0.09611632243051438 0.1772864740848889
11 0.588723315073641 0.30180415058921684 0.09611632243051445 0.17207216602356867
11 0.6877303539682309 0.30832203566586713 0.08599881480624981 0.17989362811554907
11 0.7824013181667075 0.3024559390968819 0.09467096419847654 0.16555428094691835
11 0.7599982655701215 0.6739753884659505 0.10045239712662787 0.1890186672228595
11 0.660629887117522 0.6785379080196057 0.0982843597785711 0.177286474084889
11 0.5666816020350643 0.6739753884659505 0.09683900154653333 0.18641151319219945
11 0.5157327243557316 0.8056366670142873 0.0975616806625522 0.1890186672228595
11 0.46369982800237036 0.6700646574199605 0.0975616806625522 0.18641151319219945
11 0.36649948689782763 0.6759307539889456 0.10262043447468457 0.19553655229950975
11 0.4196164019252171 0.8075920325372822 0.09178024773440094 0.17989362811554907
11 0.26966048535129433 0.6778861195119409 0.0997297180106089 0.19162582125351954
11 0.3220547212626649 0.8095473980602773 0.09322560596643874 0.1890186672228595
11 0.16993076734068538 0.6811450620502659 0.10117507624264672 0.2007508603608301
11 0.22087964502001822 0.8075920325372823 0.09467096419847658 0.1694650119929085
