16 0.14499833783803315 0.17014287204088016 0.09178024773440098 0.1694650119929085
16 0.22810643618020723 0.16558035248722497 0.08021738187809847 0.16816143497757846
16 0.3162732883345137 0.16753571801022005 0.08021738187809847 0.17467932005422881
16 0.4026334426987729 0.16949108353321513 0.08527613569023079 0.17076858900823857
16 0.49080029485307936 0.16818750651788505 0.08961221038634429 0.17076858900823863
16 0.5742697327532629 0.16818750651788505 0.0787720236460607 0.1733757430388987
16 0.6595458684434938 0.16492856397955993 0.0787720236460607 0.1642507039315883
16 0.7448220041337245 0.16558035248722497 0.08021738187809847 0.16555428094691832
16 0.8333501958460404 0.16492856397955993 0.07804934453004182 0.1564292418396079
16 0.9179036524202523 0.16166962144123476 0.07804934453004182 0.15251851079361767
16 0.10127625131888938 0.29202732297424133 0.09105756861838206 0.18119720513087909
16 0.1908884617052336 0.2952862655125665 0.08527613569023082 0.17207216602356867
16 0.2772486160694928 0.2900719574512462 0.0802173818780985 0.1616435499009281
16 0.3625247517597236 0.2959380540202315 0.0816627401101363 0.1577328188549379
16 0.44635552921791666 0.28942016894358114 0.07443594894994728 0.16294712691625818
16 0.5341610418142136 0.29007195745124625 0.07804934453004182 0.15382208780894777
16 0.6187144983884255 0.2887683804359161 0.08383077745819302 0.15382208780894777
16 0.7018225967305998 0.2913755344665763 0.0794947027620796 0.16164354990092816
16 0.78746007197884 0.2913755344665763 0.08021738187809847 0.15382208780894777
16 0.8716521889950423 0.2881165919282511 0.07371326983392824 0.15773281885493795
16 0.9063407865639499 0.6303055584523933 0.08094006099411749 0.16425070393158828
16 0.824316706895804 0.6329127124830536 0.08166274011013623 0.15642924183960788
16 0.7390405712055732 0.6348680780060485 0.08166274011013638 0.16294712691625826
16 0.6577391706534463 0.6355198665137136 0.07949470276207952 0.15642924183960788
16 0.5746310723112723 0.6394305975597039 0.08383077745819302 0.14600062571696729
16 0.48827091794701316 0.6387788090520389 0.0816627401101363 0.14730420273229744
16 0.40552415916284856 0.6413859630826989 0.076603986298004 0.1499113567629575
16 0.3202480234726176 0.6387788090520389 0.08816685215430639 0.16033997288559806
16 0.2356945668984058 0.6348680780060485 0.0809400609941174 0.17076858900823866
16 0.15186378944021275 0.6368234435290436 0.08527613569023082 0.1538220878089477
16 0.11139375894315405 0.760011471477735 0.0823854192261552 0.16294712691625812
16 0.19811525286542267 0.7606632599854001 0.07804934453004175 0.15382208780894782
16 0.2837527281136629 0.760011471477735 0.07877202364606067 0.15512566482427773
16 0.36577680778180877 0.7593596829700697 0.07226791160189056 0.15642924183960788
16 0.4492462456819923 0.7541453749087497 0.08021738187809847 0.15642924183960788
16 0.5337997022562042 0.7567525289394097 0.07588130718198503 0.15642924183960788
16 0.6161851214823593 0.7554489519240797 0.07154523248587168 0.15642924183960788
16 0.698209201150505 0.7521900093857545 0.07515862806596615 0.15251851079361767
16 0.7813172994926791 0.7567525289394097 0.07660398629800391 0.15121493377828765
16 0.8651480769508723 0.7587078944624049 0.07660398629800406 0.16294712691625826
