19 0.32310848201507486 0.12467106568107585 0.20513309798683332 0.0786797667376327
19 0.8007585154088349 0.11673697155627255 0.18962885220875858 0.08529151184163547
19 0.8699313042648602 0.16467212356029248 0.18008777788378985 0.0687621490816286
19 0.8055290525713193 0.21293786281951255 0.18962885220875872 0.07405154516483081
19 0.3952628565976528 0.16996151964349468 0.18247304646503187 0.07537389418563135
19 0.3302642877588016 0.21624373537151392 0.2075183665680756 0.07801859222723244
19 0.3904923194351683 0.26417888737553386 0.18962885220875872 0.07339037065443052
19 0.8073180040072511 0.3051717070203509 0.19320675508062218 0.08396916282083491
19 0.8067216868619405 0.39376909141398775 0.20394046369621213 0.08529151184163551
19 0.3845291479820627 0.3498009864723695 0.19678465795248543 0.06876214908162862
19 0.30939318767293195 0.3960832022003888 0.22063734376490796 0.07140684712322967
19 0.38214387940082045 0.4450101159700091 0.18962885220875872 0.08066329026883357
19 0.3135674076901059 0.48897822091162735 0.21467417231180225 0.08132446477923382
19 0.31833794485259037 0.5785673670708646 0.221829978055529 0.08463033733123512
19 0.792410075374487 0.5752614945188632 0.20155519511496997 0.08991973341443739
19 0.32012689628852203 0.6741070838237044 0.2039404636962122 0.08396916282083489
19 0.3720064879305409 0.8096478584557607 0.1908214864993798 0.07603506869603162
19 0.7941990268104188 0.8503100908453776 0.1836656807556531 0.08991973341443739
