16 0.07020104933007645 0.19034831577849617 0.07949470276207957 0.15251851079361767
16 0.15041843120817494 0.18513400771717592 0.07660398629800397 0.139482740640317
16 0.22810643618020723 0.18448221920951088 0.07877202364606067 0.15121493377828762
16 0.3823984274502435 0.18448221920951088 0.08672149392226862 0.16425070393158825
16 0.4618931302123231 0.17796433413286056 0.07515862806596608 0.15382208780894774
16 0.5377744373943081 0.18187506517885077 0.076603986298004 0.15903639587026802
16 0.6902597308742972 0.1786161226405256 0.0794947027620796 0.15251851079361764
16 0.7711997918684146 0.17796433413286056 0.07515862806596615 0.13296485556366666
16 0.8532238715365603 0.1844822192095109 0.0729905907179095 0.13817916362498697
16 0.1103097402691257 0.3005005735738867 0.08021738187809847 0.1512149337782876
16 0.18980444303120528 0.2959380540202315 0.07299059071790943 0.14730420273229744
16 0.26929914579328484 0.2998487850662217 0.07299059071790943 0.14208989467097716
16 0.34626447164929824 0.2985452080508917 0.07082255336985269 0.14208989467097716
16 0.4253978348533684 0.2946344770049015 0.07443594894994728 0.14208989467097716
16 0.5005564629193345 0.29267911148190634 0.07588130718198503 0.14600062571696737
16 0.577521788775348 0.2952862655125665 0.07515862806596615 0.14600062571696737
16 0.6548484541893707 0.2952862655125665 0.07660398629800391 0.1512149337782876
16 0.7321751196033937 0.2978934195432266 0.07371326983392824 0.13296485556366666
16 0.8109471432494544 0.2959380540202315 0.07082255336985271 0.14208989467097716
