11 0.6765695067264575 0.2424901595193702 0.203662182361734 0.09633312616532007
11 0.6840433482810165 0.33726952558524964 0.19245142002989518 0.09115392583385122
11 0.6728325859491779 0.43412057178371655 0.18124065769805664 0.09633312616532007
11 0.81296711509716 0.4822871348663766 0.18124065769805664 0.10151232649678892
11 0.6775037369207774 0.5283820178164491 0.18310911808669647 0.10254816656308266
11 0.81390134529148 0.5786202610316966 0.16068759342301933 0.09529728609902632
11 0.6775037369207775 0.6278226641806505 0.20179372197309417 0.10254816656308266
11 0.8064275037369208 0.6759892272633106 0.2055306427503736 0.08908224570126382
11 0.6775037369207774 0.7272633105448518 0.19805680119581473 0.09426144603273244
11 0.805493273542601 0.7800911539258338 0.1999252615844543 0.0984048062979077
11 0.671898355754858 0.8256681168427594 0.19805680119581473 0.10669152682825776
11 0.2897982062780269 0.21193287756370416 0.20739910313901344 0.10151232649678887
11 0.2991405082212258 0.31396312409363997 0.21860986547085215 0.10254816656308269
11 0.3010089686098656 0.41288585042469444 0.1812406576980569 0.08908224570126368
11 0.3094170403587444 0.507147296457427 0.20179372197309417 0.09529728609902632
11 0.3066143497757849 0.6039983426558939 0.1812406576980569 0.08597472550238237
11 0.3084828101644246 0.7008493888543609 0.18497757847533633 0.10151232649678898
11 0.313153961136024 0.7966645949865341 0.19058295964125574 0.09633312616532007
