16 0.8190182127915424 0.07020912395707109 0.14592780018538465 0.09096874772144119
16 0.7003344439712403 0.10996454996510549 0.15156449632988447 0.08506619538837058
16 0.8224628604354035 0.15076160285544646 0.15031189718666238 0.07846922513376223
16 0.6993949946138237 0.1893017975007899 0.1559485933311622 0.07499713552607366
16 0.8224628604354035 0.22992524591074645 0.13277550918155165 0.07777480721222452
16 0.7012738933286569 0.26968067191878087 0.14718039932860685 0.08228852370221967
16 0.7028396422576846 0.3457194343271611 0.14530150061377353 0.07673318032991791
16 0.8174524638625147 0.3830443976098135 0.1352807074679961 0.07846922513376224
16 0.7044053911867123 0.4227998236178479 0.1396648044692737 0.07673318032991798
16 0.8146341157902648 0.45908316001819377 0.14217000275571812 0.07430271760453591
16 0.7050316907583235 0.5010954442712257 0.1371596061828294 0.07846922513376224
16 0.8218365608637923 0.5392884299558003 0.15156449632988458 0.07013621007530958
16 0.7065974396873512 0.5760925797972993 0.14905929804344004 0.07360829968299817
16 0.7028396422576846 0.6556034318133682 0.14029110404088493 0.07013621007530965
16 0.8187050630057369 0.6943172309390959 0.13152291003832958 0.07326109072222946
16 0.699081844828018 0.7312949852609796 0.14154370318410703 0.07152504591838504
16 0.8127552170754314 0.7734808739943959 0.14718039932860685 0.0732610907222293
16 0.7044053911867123 0.8085489790320509 0.1534433950447178 0.07742759825145558
16 0.8133815166470425 0.850214054324314 0.15219079590149556 0.07951085201606878
