16 0.1825776518710162 0.7039576598185421 0.08744417303828755 0.13948274064031693
16 0.26966048535129433 0.7059130253415372 0.07515862806596615 0.14860777974762748
16 0.3469871507653171 0.7072166023568672 0.07371326983392831 0.13296485556366666
16 0.4225071183892928 0.7000469287725519 0.0744359489499472 0.13948274064031693
16 0.5001951233613251 0.7033058713108771 0.07371326983392831 0.14600062571696729
16 0.576799109659329 0.7033058713108771 0.07371326983392831 0.15121493377828765
16 0.6544871146313614 0.702002294295547 0.0787720236460607 0.14600062571696742
16 0.7307297613713559 0.6987433517572219 0.07371326983392824 0.14469704870163727
16 0.8073337476693598 0.7000469287725519 0.0794947027620796 0.14991135676295764
16 0.8879124691054677 0.6974397747418917 0.07443594894994728 0.14730420273229744
16 0.14391431916400477 0.8180206486599229 0.0823854192261552 0.14339347168630712
16 0.22413170104210325 0.8167170716445927 0.07949470276207955 0.1381791636249869
16 0.3032650642461734 0.8186724371675878 0.07154523248587161 0.1420898946709771
16 0.45972509286426644 0.8167170716445927 0.07804934453004175 0.1303577015330065
16 0.5377744373943082 0.8167170716445928 0.0794947027620796 0.1407863176556471
16 0.6136557445762931 0.8186724371675878 0.07949470276207952 0.14730420273229744
16 0.7719224709844335 0.8173688601522577 0.06937719513781496 0.1342684325789967
16 0.8499718155144753 0.8154134946292627 0.07082255336985271 0.13557200959432686
16 0.9283824996025265 0.8186724371675879 0.07009987425383384 0.13687558660965687
