19 0.20086346722640963 0.15277098237308753 0.19678465795248543 0.08859738439363686
19 0.6164965175078713 0.1897967549555029 0.20513309798683332 0.08991973341443737
19 0.6665871577139585 0.32401518056675876 0.2242152466367713 0.08463033733123516
19 0.6695687434405113 0.41558785025719686 0.21825207518366566 0.08661386086243601
19 0.18714817288426672 0.4218690081059994 0.21228890373055997 0.08330798831043464
19 0.6838803549279648 0.5058381709268344 0.18962885220875872 0.07669624320643187
19 0.6123222974906973 0.5504674503788529 0.20871100085869668 0.08132446477923382
19 0.6773208663295486 0.5970802533620724 0.1836656807556531 0.06347275299842642
19 0.6105333460547658 0.644354230855692 0.1908214864993798 0.07471271967523106
19 0.6063591260375918 0.7346045515253296 0.19439938937124315 0.07537389418563137
19 0.6653945234233373 0.7822091162741492 0.1836656807556531 0.07272919614403024
19 0.5997996374391756 0.8265078084709677 0.20274782940559105 0.07537389418563137
19 0.6600276691155423 0.8721288496885866 0.1991699265337277 0.07537389418563137
19 0.18535922144833508 0.6053449347420757 0.23017841808987693 0.07735741771683212
19 0.1817813185764717 0.6972481916877139 0.20632573227745446 0.07867976673763276
19 0.1877444900295773 0.7835314652949499 0.21586680660242338 0.07669624320643187
19 0.13407594695162672 0.8278301574917681 0.1943993893712432 0.07272919614403024
19 0.18237763572178223 0.8797323565581898 0.1955920236618643 0.06545627652962722
