16 0.3115990008125921 0.08905860908230132 0.1730520359948235 0.08926299631685859
16 0.6524362717067446 0.09364689393970993 0.15499443223884193 0.08175489382291722
16 0.7788394979986156 0.1372356000850918 0.15048003129984658 0.08133777701769823
16 0.6467932705330003 0.1787387222043789 0.1632708339603334 0.08092066021247932
16 0.7769584976073676 0.21899049390800907 0.15123243145634568 0.08133777701769826
16 0.18858157522496766 0.12993605599375993 0.18433803834231197 0.08092066021247929
16 0.3164896018298372 0.17373332054175128 0.17079483552532582 0.07758372577072759
16 0.17880037319047765 0.21481932585581942 0.16628043458633038 0.08467471145944998
16 0.6501790712372468 0.2615364080403435 0.17004243536882654 0.08217201062813621
16 0.3070845998735968 0.25673956478032545 0.15800403286483886 0.08008642660204138
16 0.1855719745989707 0.30095394613353577 0.17530923646432123 0.08258912743335514
16 0.6482980708459987 0.3455854442919651 0.1662804345863304 0.07925219299160341
16 0.778463297920366 0.38354307356689094 0.1512324314563458 0.07758372577072754
16 0.31197520089084174 0.34162283464238485 0.16628043458633038 0.07966930979682245
16 0.19121497577271496 0.3862543328008142 0.18659523881180973 0.07966930979682241
16 0.3172420019863364 0.42838313012792967 0.17681403677731963 0.08217201062813624
16 0.6505552713154964 0.4279660133227107 0.17681403677731955 0.07966930979682234
16 0.7814728985463629 0.46842634342895034 0.1602612333343365 0.08133777701769826
16 0.18105757365997532 0.47009481064982617 0.16477563427333194 0.08217201062813617
16 0.18820537514671803 0.5564379893301521 0.18208083787281432 0.0830062442385741
16 0.31122280073434255 0.5973154362416107 0.15725163270833956 0.0821720106281361
16 0.6494266710807477 0.5090952319377995 0.16703283474282965 0.07925219299160338
16 0.7788394979986155 0.5533096132910098 0.14747043067384955 0.08342336104379312
16 0.6464170704547506 0.5933528265920306 0.15048003129984658 0.08175489382291722
16 0.7777108977638667 0.636315857529584 0.1542420320823427 0.07841795938116546
16 0.18180997381647454 0.64194693440004 0.16477563427333194 0.0830062442385741
16 0.31235140096909136 0.6819901477010606 0.16101363349083578 0.08300624423857403
16 0.653941072019743 0.6776104212462615 0.174556836307822 0.08175489382291729
16 0.7826014987811118 0.7189049849629391 0.1655280344298312 0.08008642660204131
16 0.6486742709242485 0.762076574303102 0.1625184338038343 0.08133777701769833
16 0.19497697655521115 0.7268302042620994 0.17907123724681737 0.08092066021247936
16 0.31385620128208985 0.7714617024205288 0.17606163662082044 0.08258912743335507
16 0.19083877569446536 0.8106706821111115 0.17229963583832425 0.08175489382291729
16 0.6490504710024979 0.8469598441651615 0.1692900352123273 0.07841795938116546
16 0.780344298311614 0.884708915037478 0.1670328347428295 0.0838404778490121
16 0.6403978692027568 0.9308003220141736 0.1519848316128449 0.08092066021247922
16 0.3172420019863364 0.8530080378408365 0.16778523489932884 0.0805035434072604
16 0.19271977608571345 0.8984737696097038 0.17154723568182503 0.08133777701769833
16 0.30670839979534714 0.9389340997159433 0.15574683239534112 0.07800084257594664
