19 0.8496104759564658 0.20729481697778707 0.07877202364606056 0.19944728334550008
19 0.5753537514272913 0.19556262383981643 0.08961221038634429 0.17859005110021897
19 0.39359995374853657 0.18904473876316616 0.08888953127032534 0.18901866722285954
19 0.30181970601413555 0.19230368130149128 0.08021738187809847 0.1851079361768693
19 0.21509821209186694 0.18708937324017105 0.06865451602179597 0.18510793617686933
19 0.16667871131860032 0.12125873396600273 0.08455345657421193 0.18380435916153928
19 0.12078858745139982 0.19100010428616127 0.08672149392226866 0.20075086036083012
19 0.12440198303149436 0.6655021378663051 0.07371326983392834 0.1929293982688497
19 0.16776272999262867 0.6081447491917823 0.08238541922615521 0.19032224423818964
19 0.21618223076589532 0.6694128689122953 0.0780493445300418 0.17989362811554907
19 0.2613496755170769 0.6127072687454375 0.07299059071790943 0.1864115131921993
19 0.35060054634541166 0.601626864115132 0.07949470276207955 0.17207216602356867
19 0.40118808446673504 0.6733235999582856 0.0737132698339284 0.19032224423818953
19 0.4423807940798127 0.6120554802377725 0.0823854192261552 0.1929293982688497
19 0.492968332201136 0.6778861195119409 0.07226791160189056 0.18119720513087909
19 0.5804125052394236 0.6739753884659505 0.08094006099411735 0.19162582125351954
19 0.6718314134158151 0.6752789654812805 0.07588130718198503 0.1968401293148399
19 0.8076950872273693 0.6276984044217333 0.07443594894994728 0.20596516842215046
