16 0.13018341595964555 0.2398842423610387 0.08816685215430639 0.14730420273229744
16 0.21979562634598981 0.24118781937636874 0.07660398629800395 0.14730420273229738
16 0.3007356873401072 0.2398842423610387 0.07804934453004175 0.13948274064031704
16 0.38456646479830026 0.2424913963916988 0.08383077745819302 0.16033997288559806
16 0.4662292049084365 0.2398842423610387 0.0823854192261552 0.15512566482427784
16 0.5496986428086201 0.2385806653457086 0.08599881480624967 0.15251851079361767
16 0.6338907598248226 0.2385806653457086 0.08383077745819295 0.15251851079361767
16 0.7202509141890817 0.24053603086870373 0.08599881480624967 0.1512149337782876
16 0.802636333415237 0.23727708833037858 0.07732666541402294 0.14730420273229744
16 0.8842990735253732 0.23858066534570863 0.08599881480624967 0.14469704870163733
16 0.0897133854625869 0.36763478986338516 0.08527613569023082 0.16294712691625818
16 0.17246014424675155 0.3728490979247054 0.08021738187809847 0.14469704870163727
16 0.25665226126295404 0.36828657837105017 0.08672149392226862 0.15642924183960794
16 0.33939902004711864 0.36502763583272496 0.07154523248587161 0.13687558660965693
16 0.42359113706332113 0.3695901553863802 0.08094006099411735 0.159036395870268
16 0.5092286123115614 0.36567942434039 0.08599881480624974 0.15642924183960788
16 0.5919753710957261 0.3695901553863802 0.08527613569023079 0.1512149337782876
16 0.6761674881119285 0.36828657837105017 0.08310809834217414 0.14860777974762754
16 0.7650570193822538 0.37024194389404524 0.0845534565742119 0.1577328188549379
16 0.8463584199343805 0.36763478986338516 0.07515862806596615 0.14469704870163727
16 0.8976686371717231 0.7078683908645322 0.07804934453004168 0.16555428094691843
16 0.8037203520892653 0.6974397747418917 0.09394828508245766 0.15251851079361767
16 0.7274777053492707 0.7124309104181875 0.07443594894994714 0.1616435499009281
16 0.6371428158469076 0.7163416414641777 0.0845534565742119 0.1486077797476276
16 0.551144001040658 0.7104755448951925 0.0845534565742119 0.1577328188549379
16 0.4676745631404744 0.7137344874335176 0.0823854192261552 0.16164354990092822
16 0.38023039010218684 0.7124309104181875 0.08094006099411742 0.15121493377828765
16 0.29748363131802213 0.7130826989258525 0.07877202364606067 0.16033997288559806
16 0.2132915143018197 0.7078683908645322 0.0794947027620796 0.15251851079361767
16 0.123317964357466 0.7065648138492021 0.08888953127032534 0.16294712691625826
16 0.08248659430239785 0.8323599958285536 0.08961221038634426 0.1694650119929085
16 0.16631737176059083 0.8388778809052039 0.083830777458193 0.14339347168630726
16 0.2559295821469351 0.8388778809052039 0.08383077745819302 0.16685785796224845
16 0.3368696431410525 0.841485034935864 0.0794947027620796 0.14339347168630726
16 0.41997774148322664 0.840181457920534 0.07371326983392831 0.1486077797476276
16 0.5070605749635047 0.8395296694128689 0.0845534565742119 0.15512566482427784
16 0.5941434084437828 0.8440921889665242 0.08961221038634422 0.15121493377828765
16 0.6815875814820703 0.8427886119511941 0.08383077745819302 0.16164354990092822
16 0.7693930940783673 0.8369225153822087 0.08166274011013638 0.16033997288559806
16 0.8517785133045224 0.842136823443529 0.09467096419847668 0.1655542809469183
