4 0.43708953952255863 0.31619908456845136 0.06169182473343303 0.15245666846031566
4 0.3591341785646655 0.3171455314875718 0.06101250989308188 0.1498781554902081
4 0.28138918784777517 0.31720861084258073 0.06265410523447211 0.1518286290190145
4 0.204002328212399 0.3190857583631849 0.06158800048069453 0.15139349693674678
4 0.4401073277996814 0.7950285838858429 0.05782354626320696 0.14332484771317966
4 0.8167851307586234 0.7845021748222043 0.05850908221333126 0.14673275797890975
4 0.0923354609402312 0.6973395924931685 0.06471055186706125 0.14889184241872197
4 0.5143044556498602 0.3153549245654735 0.059769160411163764 0.15101727883377417
4 0.3617834040213253 0.797262696407301 0.060847384948920134 0.1424624866434277
4 0.8906713927881253 0.7801519145880045 0.06426292594876476 0.14953449061098653
4 0.6309542469240406 0.21315228671770994 0.06387661020529055 0.16257349364960674
4 0.28602381979478225 0.7921077232189777 0.06044773554638944 0.1446966333774173
4 0.5520927851210475 0.21476535626056484 0.06099953660318909 0.16456148121923608
4 0.8634527098547233 0.21166318200628853 0.06635223255904288 0.15576144504974776
4 0.5139879377233529 0.7936320283487773 0.058769837753457115 0.14241629972586184
4 0.6287023000201503 0.6913016280785804 0.06420902230859617 0.15693397693035313
4 0.17027774429084203 0.697665124730679 0.06159127225336486 0.15839273084974076
4 0.12502552931022762 0.3222261180792154 0.06359798794136498 0.15317810811269444
4 0.7125582887638867 0.211469517694995 0.0660608266732054 0.1649327042926053
4 0.4755001127386478 0.21300392835129536 0.05936156392023384 0.16962212190499754
4 0.7426897408133933 0.7871742419597814 0.058650953863036044 0.14329973571503643
4 0.9020206316277579 0.3103581415698133 0.06362753821278744 0.15387376862256516
4 0.7074592547656735 0.6945724487304688 0.057341410255787754 0.15876113138925868
4 0.823717874796069 0.30785392111192367 0.061883806663688624 0.1564751526700007
4 0.7472416206203387 0.30784069796848723 0.06352420709679925 0.153754332674993
4 0.3965975119506001 0.21460465144683427 0.061220992937674794 0.1705579287268121
4 0.3157365323594818 0.21517192087900477 0.061419271844895894 0.16661426732358375
4 0.6670193479548632 0.3129869041956059 0.06311983496154443 0.145353257388812
4 0.587204330377952 0.7855100417885545 0.061987972318792724 0.13533526364997897
4 0.08166662279014042 0.21602588277226606 0.06473398534610006 0.15524219290557997
4 0.5525842717599246 0.6918943601873423 0.05801678000213641 0.158519590916655
4 0.7802481357913494 0.6930741793371636 0.05672051315355034 0.16107369324551568
4 0.20963375074956786 0.7982872933015694 0.05925536881773422 0.1453233385299888
4 0.6653941019934256 0.7857654041238964 0.06255860740609462 0.13816039765362248
4 0.24516930826114822 0.6922963916453545 0.05925940874572715 0.15239356344590807
4 0.4764084516659221 0.6991513513128853 0.058875369018023614 0.160526976991662
4 0.5896045028089069 0.3159113486251489 0.05901974428507613 0.1530159236069752
4 0.3239317444113191 0.6931552630368905 0.05994259281288843 0.15319317873283353
4 0.13394280736530842 0.7958716490878118 0.05981289784755671 0.13972842639871777
4 0.1613460751777113 0.21527688492573965 0.060605444472498445 0.1597007358020731
4 0.39939291452013087 0.6943050093714966 0.06202131594983297 0.15905679608674328
4 0.8553845753500815 0.6917003067085027 0.05879821208339807 0.16551249551131586
4 0.23854087701563956 0.21239478705709824 0.06076163605476033 0.17039721535994867
