3 0.6960411638024483 0.19686620085514656 0.10984722563487363 0.14991135676295758
3 0.2720308728518364 0.3093388257378247 0.10984722563487398 0.14991135676295758
3 0.21730961018688463 0.19238189592241112 0.10984722563487352 0.14991135676295758
3 0.15536155636174426 0.31919386797371985 0.10984722563487365 0.14991135676295755
3 0.381039790712128 0.7158462821983522 0.10984722563487377 0.14991135676295764
3 0.5048202697038461 0.7188184377933048 0.10984722563487377 0.1499113567629575
3 0.6283550377961177 0.7187402231723851 0.11513723676413208 0.15163207842319318
3 0.7487678321071878 0.7221555949525498 0.10984722563487363 0.14991135676295775
3 0.257100322314886 0.7151944936906873 0.11513723676413255 0.15163207842319318
3 0.13589258097619494 0.7090416101783295 0.11513723676413216 0.15163207842319318
3 0.5172214433347306 0.31622171237876745 0.10984722563487391 0.14991135676295758
3 0.39384566464798304 0.31397955991239973 0.10984722563487391 0.14991135676295758
3 0.7624120138176247 0.31919386797372 0.10984722563487391 0.14991135676295758
3 0.6361455186668016 0.32086244655334245 0.10984722563487377 0.14991135676295758
3 0.45744142685764644 0.19926478256335384 0.1098472256348735 0.14991135676295758
3 0.3362336855189557 0.1957190530816561 0.10984722563487356 0.14991135676295758
3 0.5761631520372322 0.19962978412764623 0.1098472256348735 0.14991135676295758
