4 0.331404600028931 0.10062350889151747 0.1753941848690872 0.06716253333066019
4 0.23240633588890497 0.1407205437157922 0.17087371618689423 0.06215040397762587
4 0.3354730218429047 0.1773090879929429 0.15640821640387673 0.05413099701277088
4 0.23285838275712423 0.21490005814070046 0.16996962245045563 0.06114797810701901
4 0.32869231881961525 0.2532428476914132 0.1790105598148416 0.06666132039535679
4 0.23376247649356283 0.2945929148539465 0.17539418486908726 0.06215040397762585
4 0.3445139592072906 0.33544176908117646 0.15640821640387673 0.0636540427835362
4 0.23331042962534357 0.3692736422141583 0.17991465355128022 0.06315282984823273
4 0.33773325618400113 0.4116261352472984 0.17177780992333289 0.06064676517171557
4 0.23873499204397514 0.44971831833035947 0.17268190365977149 0.064656468654143
4 0.33773325618400113 0.48755989494576873 0.1555041226674382 0.05914312636580529
4 0.7228771879068421 0.30336414122175664 0.17901055981484154 0.07067102387778426
4 0.71790467235643 0.38004972032318207 0.17991465355128022 0.06565889452474995
4 0.7219730941704036 0.4574871188275627 0.17358599739620995 0.060145552236412096
4 0.2387349920439751 0.5261532909641331 0.1636409662953855 0.061147978107018976
4 0.34225372486619415 0.563493654644239 0.16635324750470126 0.0596443393011087
4 0.7197128598293071 0.531666633252471 0.17449009113264874 0.06515768158944647
4 0.23557066396644002 0.6023376571302552 0.18262693476059594 0.06515768158944647
4 0.7287537971936929 0.6081016058862447 0.16544915376826275 0.06465646865414307
4 0.3476782872848257 0.6401792337456644 0.17177780992333289 0.06265161691292932
4 0.7260415159843773 0.6842859720523666 0.1726819036597714 0.0636540427835362
4 0.2423513669897295 0.6780208103610738 0.16183277882250835 0.0651576815894464
4 0.3368291624475626 0.7161129934441346 0.15912049761319252 0.060145552236412096
4 0.2432554607261681 0.7607209446861404 0.17268190365977143 0.061147978107019045
4 0.34180167799797484 0.796557669560336 0.16906552871401706 0.0606467651717155
4 0.7264935628525965 0.7609715511537922 0.16454506003182406 0.06565889452474995
4 0.23376247649356285 0.8384089496581727 0.18262693476059602 0.06215040397762585
4 0.7292058440619124 0.8356522785140038 0.17720237234196448 0.06565889452474995
4 0.7323701721394473 0.9118366446801257 0.15640821640387673 0.06565889452474995
4 0.33954144365687833 0.8754987068706268 0.16454506003182406 0.05914312636580529
4 0.2405431795168523 0.916096954630205 0.1853392159699118 0.06916738507187405
