4 0.7587512583508739 0.08118872160424144 0.1630136359476526 0.06532134295607617
4 0.2651345291479821 0.08990880379497977 0.17788505536743843 0.06310168567116095
4 0.6543653335773773 0.12130109968163773 0.17388121167749615 0.06310168567116095
4 0.7564633476709068 0.1603036491165764 0.1675894573075867 0.06310168567116095
4 0.26484854031298616 0.16490151063532935 0.1750251670174796 0.0678580941388364
4 0.6575112107623319 0.2029527783767329 0.16530154662761967 0.06278459177331591
4 0.7550334034959275 0.2389429357821438 0.16816143497757846 0.06563843685392116
4 0.26799441749794084 0.23751601324184118 0.1721652786675208 0.06341877956900596
4 0.6603710991122907 0.2815920650423003 0.1664455019676032 0.06405296736469605
4 0.7570353253408988 0.31805786329447877 0.15958176992770207 0.06088202838624577
4 0.6575112107623319 0.3592800700143326 0.1744531893474879 0.06595553075176619
4 0.2694243616729203 0.31758222244771117 0.16701747963759492 0.06183331007978086
4 0.7616111467008329 0.39558732131758856 0.16873341264757025 0.06690681244530135
4 0.6563672554223483 0.4361753402417523 0.1916125194472408 0.06246749787547088
4 0.2694243616729203 0.3922578353902157 0.17845703303743024 0.06468715516038608
4 0.27342820536286266 0.46756763612841035 0.17159330099752906 0.06056493448840071
4 0.6635169762972454 0.512119328775637 0.1635856136176444 0.06024784059055568
4 0.7556053811659192 0.474226607983156 0.1590097922577103 0.057393995509950425
4 0.2745721607028462 0.54382871856014 0.16587352429761143 0.06278459177331591
4 0.7561773588359111 0.549377861772428 0.16015374759769382 0.05612561991857024
4 0.6555092889173607 0.587270582564909 0.17616912235746318 0.06468715516038608
4 0.7610391690308409 0.6267487728466153 0.1664455019676032 0.06437006126254105
4 0.27771803788780086 0.6202483479407922 0.1733092340075043 0.06468715516038608
4 0.6618010432872701 0.6627389302520262 0.16244165827766086 0.06151621618193579
4 0.7607531801958453 0.7033269491761899 0.1555779262377596 0.06024784059055568
4 0.27514413837283797 0.6952410547811418 0.16472956895762791 0.06563843685392123
4 0.6626590097922578 0.7442320619981989 0.16072572526768558 0.06151621618193579
4 0.7647570238857875 0.7799051255057646 0.17731307769744678 0.06690681244530135
4 0.6580831884323236 0.8173222054514782 0.17216527866752088 0.0611991222840907
4 0.7624691132058204 0.857593130477797 0.1635856136176444 0.06373587346685092
4 0.6700947195021506 0.8953273043213555 0.18474878740733955 0.06817518803668146
