3 0.712070254110613 0.2445618396519577 0.17750373692077745 0.11912160762378289
3 0.7079596412556054 0.4939921276154962 0.17750373692077745 0.11912160762378286
3 0.7131913303437968 0.3705199917132795 0.17750373692077745 0.11912160762378286
3 0.7072122571001497 0.6199502796768179 0.17750373692077745 0.11912160762378293
3 0.7068385650224215 0.7440439196188107 0.17750373692077745 0.11912160762378293
3 0.7083333333333335 0.8598508390304537 0.17750373692077745 0.11912160762378293
3 0.19600149476831094 0.30339755541744357 0.17750373692077745 0.11912160762378282
3 0.32268310911808673 0.3601615910503418 0.17750373692077745 0.11912160762378289
3 0.30362481315396106 0.2418686554795939 0.17750373692077745 0.11912160762378289
3 0.18217488789237682 0.5443339548373731 0.17750373692077745 0.11912160762378293
3 0.3294095665171899 0.4881914232442511 0.17750373692077745 0.11912160762378293
3 0.1926382660687594 0.42376217112077896 0.17750373692077745 0.11912160762378293
3 0.31259342301943205 0.7243629583592293 0.17750373692077745 0.11912160762378293
3 0.18516442451420037 0.6640770665009321 0.17750373692077745 0.11912160762378271
3 0.31931988041853543 0.6037911746426351 0.17750373692077745 0.11912160762378286
3 0.1889013452914798 0.7821628340584214 0.17750373692077745 0.11912160762378293
3 0.31931988041853515 0.8441060700227886 0.17750373692077745 0.11912160762378293
