4 0.08212525474438839 0.24705391594535409 0.06431844132568257 0.17207216602356867
4 0.1619812970644774 0.24118781937636877 0.06070504574558805 0.16816143497757846
4 0.2400306415945192 0.24640212743768905 0.06359576220966369 0.16294712691625818
4 0.3198866839146083 0.24118781937636877 0.06287308309364477 0.16816143497757846
4 0.39757468888664055 0.24444676191469392 0.060705045745588014 0.16425070393158828
4 0.4734559960686256 0.24053603086870373 0.060705045745588014 0.1668578579622484
4 0.5507826614826484 0.2398842423610387 0.060705045745588014 0.1655542809469183
4 0.6273866477806525 0.23597351131504848 0.06215040397762592 0.16033997288559806
4 0.7050746527526847 0.23662529982271355 0.059982366629569205 0.16164354990092816
4 0.7831239972827264 0.23532172280738348 0.05564629193345577 0.16164354990092814
4 0.8597279835807305 0.23858066534570863 0.06287308309364473 0.15773281885493795
4 0.1247633225895038 0.34808113463343415 0.06431844132568257 0.1577328188549379
4 0.20317400667755503 0.346125769110439 0.06648647867373929 0.1616435499009281
4 0.2859207654617197 0.3428668265721139 0.06576379955772037 0.15512566482427778
4 0.36144073308569535 0.34873292314109916 0.060705045745588014 0.17207216602356867
4 0.43696070070967086 0.34351861507977893 0.07009987425383384 0.17989362811554907
4 0.5142873661236937 0.34091146104911874 0.06576379955772041 0.15642924183960794
4 0.5912526919797072 0.34025967254145373 0.06648647867373929 0.14991135676295755
4 0.6656886409296544 0.346125769110439 0.06215040397762585 0.1616435499009281
4 0.7437379854596962 0.34025967254145373 0.06504112044170152 0.15773281885493795
4 0.8199806321996908 0.3356971529877985 0.05420093370141786 0.16164354990092816
4 0.8944165811496378 0.34025967254145373 0.06865451602179592 0.16555428094691835
4 0.08609998988249236 0.740457816247784 0.07082255336985271 0.14991135676295764
4 0.1630653157385058 0.7326363541558035 0.06865451602179602 0.16294712691625812
4 0.23930796247850028 0.7293774116174785 0.06937719513781491 0.17207216602356867
4 0.31591194877650425 0.7254666805714881 0.06793183690577709 0.16685785796224845
4 0.3910705768424704 0.7267702575868182 0.06359576220966369 0.16685785796224845
4 0.4673132235824649 0.7241631035561581 0.06576379955772041 0.15903639587026805
4 0.5431945307644499 0.720904161017833 0.0585370083975313 0.15251851079361767
4 0.6212438752944918 0.7189487954948379 0.06865451602179601 0.1616435499009281
4 0.6945958055704107 0.7196005840025029 0.06215040397762585 0.16294712691625812
