3 0.8637027187188346 0.28485764938992597 0.11418330033098692 0.16946501199290856
3 0.7424949773801437 0.28522265095421834 0.11418330033098692 0.16946501199290856
3 0.6169511613453392 0.2868912295338409 0.11418330033098636 0.16946501199290856
3 0.494298061774611 0.280738346021483 0.11418330033098692 0.16946501199290856
3 0.37236764131990124 0.2811033475857754 0.114183300330987 0.16946501199290856
3 0.24537846705305932 0.2762540410887475 0.11418330033098714 0.16946501199290856
3 0.7258733577117089 0.6815100636145583 0.11418330033098692 0.16946501199290862
3 0.8438724037752758 0.6792679111481906 0.11418330033098692 0.1694650119929085
3 0.6632026247705496 0.8057148816352068 0.11418330033098692 0.16946501199290862
3 0.783369708182173 0.8047763061841694 0.11418330033098692 0.16946501199290862
3 0.5425152123953926 0.8083220356658671 0.11418330033098714 0.16946501199290862
3 0.6063133247575413 0.6822400667431433 0.11418330033098685 0.16946501199290862
3 0.42564354575281527 0.800865575138179 0.11418330033098714 0.16946501199290862
3 0.4851055834188507 0.6826050683074354 0.11418330033098714 0.16946501199290862
3 0.30443580441412466 0.8025341537178017 0.11418330033098756 0.16946501199290862
3 0.2410423923569461 0.6881843779330483 0.11418330033098721 0.16946501199290862
3 0.3602844465000656 0.6764521847950776 0.11418330033098739 0.16946501199290862
