3 0.28232436472346795 0.13631655272425938 0.196188340807175 0.12015744769007664
3 0.2800822122571002 0.2614460327325461 0.196188340807175 0.1201574476900766
3 0.27970852017937226 0.3824321524756577 0.196188340807175 0.12015744769007666
3 0.2849402092675635 0.505489952351357 0.196188340807175 0.12015744769007673
3 0.2733557548579971 0.6285477522270562 0.196188340807175 0.12015744769007673
3 0.2785874439461885 0.7495338719701677 0.196188340807175 0.1201574476900766
3 0.6791853512705532 0.15382224984462398 0.1909566517189836 0.11622125543816034
3 0.8077354260089686 0.4571162212554381 0.1909566517189836 0.11622125543816034
3 0.6765695067264577 0.5169877770872178 0.1909566517189836 0.11622125543816034
3 0.8125934230194322 0.5768593329189973 0.1909566517189836 0.1162212554381604
3 0.6776905829596415 0.636730888750777 0.1909566517189836 0.1162212554381604
3 0.8025037369207775 0.6955666045162627 0.1909566517189836 0.11622125543816034
3 0.673206278026906 0.7595815206132175 0.1909566517189836 0.1162212554381602
3 0.6840433482810165 0.39372280919825975 0.1909566517189836 0.11622125543816034
3 0.8144618834080717 0.3355085974725502 0.1909566517189836 0.11622125543816034
3 0.6907698056801197 0.2762585456805469 0.1909566517189836 0.11622125543816034
3 0.804372197309417 0.2190801740211311 0.1909566517189836 0.11622125543816038
