4 0.7847250352525925 0.8649834442612842 0.17691902194857062 0.06075619258370882
4 0.2110813038231546 0.2827647264289737 0.19373850116815267 0.06509480971294282
4 0.7798826619648612 0.2537078857421875 0.1743930423206278 0.058743037667757535
4 0.20837815032411583 0.36636375299220203 0.20018267952273244 0.06801247226295447
4 0.7852322018199972 0.7116621454877835 0.1751702141868694 0.0632000265838642
4 0.7813764153040044 0.3298564220971391 0.1686035293100126 0.06009512380311917
4 0.3047197453109673 0.3286770760753719 0.17518906529174258 0.06316355343113929
4 0.21327268916929784 0.8329330833155297 0.19778357706796962 0.0618669641469857
4 0.30043909047216577 0.24718817218332426 0.17176900957731922 0.06177323023083048
4 0.21059463056213654 0.5205389180488658 0.18868551553632112 0.06293312580115755
4 0.31126318277264925 0.8710052129865211 0.19251117791830158 0.061998062655376
4 0.3073890497866233 0.40579331743561603 0.17588629957806368 0.05807625988094313
4 0.7927944371518533 0.78823619247446 0.1645263535024874 0.058137712306751084
4 0.3044429573777545 0.1739303892335957 0.17556945732356186 0.05952567414069783
4 0.6912697077866626 0.36609262261352155 0.18096219049975476 0.06372411714865599
4 0.21197022237050694 0.4425748133970537 0.18768936636202005 0.06310007155793583
4 0.31092151932652223 0.7942166135798632 0.17889106647850686 0.06238210238307955
4 0.6925869586756411 0.44293461355679964 0.18058421045140835 0.06174440069773539
4 0.7767647371163817 0.1805961376543442 0.17945334943420685 0.06182972283893819
4 0.2086945820282393 0.9136798258817588 0.20630836486816406 0.06335047122630516
4 0.21506808584581041 0.6775604873951212 0.20201992667843943 0.06220335927788999
4 0.2993385246516343 0.09493524943767237 0.18579036558690093 0.0679615369266868
4 0.30928953025373107 0.4819066229631176 0.16590929245200392 0.05742152601091516
4 0.690389487775452 0.7499093387051351 0.17611947508670825 0.05754905876126476
4 0.7877827118330473 0.6353225470922836 0.17538568471044702 0.06164835283221333
4 0.7815658158785559 0.4061746259443948 0.16051856070890555 0.06065908257749378
4 0.2140596885852215 0.755572141809742 0.19447377123640258 0.06103819093769421
4 0.7858769027641536 0.5554611936276413 0.1713891820522702 0.060780090749300804
4 0.21168488558097806 0.5979061944652152 0.19926757983562657 0.06225115560907395
4 0.6968381394185292 0.5192579763731354 0.19776314363351316 0.06261395252291796
4 0.688264547442107 0.21643171671979392 0.19404068335289376 0.056605745058314554
4 0.688955811641676 0.14072456620656754 0.20714319340316703 0.05995600233913727
4 0.7769798313021126 0.10480638199374126 0.17560601341350196 0.061344447826435285
4 0.692429204692755 0.672710942658969 0.18910032537485985 0.05980026596002952
4 0.6959695174555073 0.8278233520431945 0.186920166015625 0.06077144188937228
4 0.3097129274376839 0.7173219139046962 0.18058643426595783 0.06314600914290708
4 0.7867410086730136 0.4805595819960476 0.15931263739752663 0.05796143488531308
4 0.6925963329092804 0.5960074662421341 0.18931565904831138 0.05860581288358452
4 0.3057158089539395 0.5586354959225935 0.17229153757138102 0.061166216824794124
4 0.21090719197363061 0.1349115318359982 0.1814216562450734 0.06124023475433596
4 0.6912992674139048 0.2878886448662795 0.1888086293310328 0.059848365759982904
4 0.3086826854757129 0.6389896068015848 0.16959955874045332 0.05954178643567433
4 0.6982408532112703 0.9017843432571666 0.18944744571976596 0.06340046770606743
