4 0.837679145201309 0.7833886253459571 0.06385612606335456 0.1626094253608464
4 0.3338777531445434 0.21308020091377566 0.06361826344852198 0.1617095588034044
4 0.8672982281672428 0.2070419841817676 0.06453893079455407 0.1598191368205665
4 0.14320732955980034 0.30638977871882006 0.05981107703494017 0.15705666306842067
4 0.6819950385890887 0.7848168616872198 0.06465394545816501 0.16048715360496077
4 0.7599257806430624 0.78390044481765 0.06396696803138595 0.16311946578089967
4 0.33005488118894205 0.6908200182722288 0.06734561860894771 0.1670152467462514
4 0.7896464118459641 0.20678172517785043 0.06200511830426507 0.16170712971366574
4 0.28481832804184953 0.7902631203689917 0.06356348733564131 0.1606190087014784
4 0.5993031560448551 0.30365842126410103 0.06257491885245105 0.15399156236862388
4 0.40969078580810087 0.21282341875837524 0.06324270187956417 0.15941208467355222
4 0.6027175021364201 0.7890808379169002 0.06433795860200435 0.16170361437605102
4 0.6761420743668427 0.302112733302095 0.06303182901841205 0.1581389422908492
4 0.09472690153151583 0.6934692314387437 0.06955517946080883 0.15453930499842347
4 0.24972208899100273 0.6935407356296419 0.06434624709276919 0.1642945293888383
4 0.25733989480862046 0.21634446558930948 0.06006282334597381 0.1609111495082154
4 0.7964386119095711 0.6874312670241557 0.06479558950629273 0.1726273335683506
4 0.5238792936278841 0.7862068142056999 0.0614866039781114 0.1601590554275855
4 0.8734855391061994 0.6834646661185363 0.06592085170330951 0.17939539340579455
4 0.5229152681814209 0.3019400712085946 0.06062570101285736 0.15401303073215913
4 0.36866275652215075 0.790567030286575 0.06503286415038455 0.1649241083940583
4 0.9174770926599402 0.7819953199993869 0.06348179733627253 0.16742128107045262
4 0.7532015196502098 0.30482695027851736 0.0606090860977315 0.151700622832294
4 0.3683011165829902 0.30763772357205105 0.061008906201444994 0.15246785595812604
4 0.17609289820109783 0.6954472631616977 0.06470127710279579 0.16786166477631026
4 0.7152065848474402 0.21123173204772674 0.06191574675167029 0.16902207686762105
4 0.40766596631132496 0.6874426597971552 0.06436697780308033 0.16198374658422085
4 0.44584831204601066 0.30924954435750507 0.05814203673671535 0.15560712942628047
4 0.44677415732792103 0.7872733898761561 0.061269054804032004 0.1604458248668722
4 0.48345854328314364 0.687349738561519 0.06328602204639916 0.15889367073640695
4 0.7181819823308343 0.6859209890322835 0.06287326658638906 0.16832202860058157
4 0.9038448203343497 0.2966484702756052 0.059502411362841824 0.15573128670320383
4 0.13460071343231675 0.7916729161557595 0.06888205253833417 0.16117701509073712
4 0.5580759564121737 0.2075097635722481 0.05994714484442976 0.1628234931706313
4 0.6374290945220245 0.20699472812259143 0.061835403394965814 0.16317287154261842
4 0.8271350848741453 0.29977629109882986 0.06046053813509944 0.1533693732702144
4 0.21742226723338445 0.3009868245488325 0.057118019307896985 0.15587395295968504
4 0.29130205210133914 0.30549926073561867 0.058990706117202064 0.1554822023673977
4 0.5610336009725567 0.6858392210819262 0.06464385512158172 0.16484494059609725
4 0.6405049212012993 0.6843384883863509 0.06240436940403589 0.16329299174082118
4 0.48197452410027575 0.20917158597253363 0.06184746627855034 0.1542695049747758
4 0.18335047710601254 0.21529015938797338 0.05783300121205426 0.16404367455452545
4 0.10441574656200231 0.22257745853988578 0.062391064195176545 0.1580399312246006
