4 0.34044553739331695 0.10037290242386575 0.18081874728771874 0.0626516169129293
4 0.23918703891219442 0.13420477555684757 0.17901055981484157 0.06816495920126706
4 0.35355489657167655 0.1743018103811223 0.16364096629538555 0.062150403977625834
4 0.23692680457109794 0.21314581286713846 0.17268190365977149 0.06565889452474988
4 0.34496600607550987 0.2504861765472443 0.16996962245045566 0.06616010746005331
4 0.2391870389121944 0.28958078550091215 0.1753941848690872 0.06616010746005331
4 0.3467741935483871 0.3294272138575352 0.16273687255894695 0.06265161691292932
4 0.24189932012151016 0.36726879047294453 0.17358599739621003 0.06515768158944647
4 0.3431578186026327 0.4078670382325227 0.16454506003182415 0.06616010746005335
4 0.2423513669897295 0.4442049760420217 0.16725734124113983 0.0636540427835362
4 0.3512946622305801 0.4805429138515207 0.1500795602488066 0.06315282984823273
4 0.24732388254014176 0.525401471561178 0.17901055981484157 0.06565889452474995
4 0.3512946622305801 0.5574790994205978 0.1500795602488066 0.0636540427835362
4 0.2396390857804137 0.6015858377273 0.1762982786055258 0.06565889452474988
4 0.3512946622305801 0.6421840854868782 0.16635324750470126 0.064656468654143
4 0.2423513669897295 0.6792738426993323 0.17268190365977143 0.0636540427835362
4 0.3458700998119485 0.7181178451853485 0.16635324750470126 0.061147978107019045
4 0.240091132648633 0.7594679123478818 0.1772023723419644 0.0596443393011087
4 0.3521987559670186 0.7973094889632912 0.16092868508606972 0.061147978107018906
4 0.24461160133082596 0.836404097916959 0.17539418486908726 0.06215040397762585
4 0.3512946622305801 0.8719902163235028 0.16092868508606972 0.06215040397762585
4 0.2545566324316505 0.9155957416949015 0.19709243454361353 0.06415525571883961
4 0.8178070302328946 0.10939473525932755 0.17539418486908728 0.06565889452474989
4 0.71790467235643 0.14823873774534374 0.1726819036597714 0.05914312636580526
4 0.8141906552871402 0.18457667555484272 0.1555041226674382 0.055634635818681215
4 0.7206169535657456 0.22166643276729683 0.16544915376826275 0.06365404278353616
4 0.8146427021553595 0.2592574029150544 0.15460002893099953 0.061649191042322415
4 0.7183567192246492 0.29835201186872223 0.16273687255894687 0.05763948755989491
4 0.8209713583104296 0.33669480141943503 0.14736727903949073 0.06315282984823269
4 0.7197128598293071 0.3740351650995409 0.17087371618689434 0.057639487559894946
4 0.8241356863879646 0.4106237093766916 0.1555041226674382 0.06164919104232238
4 0.7197128598293071 0.45097135066861804 0.178106466078403 0.06415525571883961
4 0.823231592651526 0.48630686260751016 0.17720237234196448 0.06365404278353613
4 0.7242333285115 0.5233966198199642 0.16725734124113995 0.06164919104232245
4 0.8241356863879649 0.5602357705647667 0.1500795602488066 0.059143126365805224
4 0.7273976565890351 0.5980773471801759 0.16635324750470126 0.06164919104232238
4 0.8263959207290613 0.6356683173279335 0.15460002893099953 0.06265161691292932
4 0.7197128598293071 0.6707532227991739 0.1762982786055258 0.064656468654143
4 0.8263959207290613 0.7078429800116282 0.14194271662085925 0.05864191343050175
4 0.7224251410386229 0.7516991118506786 0.1726819036597714 0.06415525571883945
4 0.8259438738608419 0.7862828043866156 0.1555041226674382 0.06215040397762585
4 0.725589469116158 0.8303895426933178 0.16454506003182406 0.060145552236412096
4 0.8322725300159121 0.8659756610998617 0.1591204976131926 0.060145552236412096
4 0.7296578909301316 0.9058220894564847 0.1744900911326486 0.058641913430501895
