4 0.3025423851301545 0.27051830222129525 0.058537008397531336 0.1512149337782876
4 0.3769783340801018 0.2796433413286057 0.06865451602179601 0.15642924183960788
4 0.4524983017040773 0.27703618729794555 0.07082255336985271 0.16946501199290856
4 0.5305476462341191 0.28094691834393576 0.06648647867373929 0.1668578579622484
4 0.6075129720901326 0.28290228386693084 0.0643184413256825 0.16294712691625818
4 0.6819489210400799 0.2789915528209407 0.07009987425383384 0.17337574303889877
4 0.7625276424761877 0.2796433413286057 0.06793183690577718 0.1772864740848889
4 0.8366022518681254 0.2685629366983001 0.06287308309364473 0.16033997288559806
4 0.9103155217020539 0.2737772447596204 0.06720915778975817 0.16816143497757846
4 0.0987468744128232 0.6544217332359996 0.08021738187809847 0.18641151319219945
4 0.17788023761689334 0.6641985608509752 0.0722679116018905 0.16425070393158828
4 0.2544842239148973 0.66354677234331 0.07226791160189056 0.16033997288559806
4 0.3339789266769769 0.6570288872666596 0.06793183690577709 0.16033997288559806
4 0.41166693164900914 0.6596360412973199 0.06431844132568257 0.16033997288559806
4 0.4861028805989564 0.6602878298049849 0.06720915778975824 0.17207216602356867
4 0.5641522251289982 0.6583324642819897 0.0628730830936448 0.16294712691625826
4 0.6411175509850117 0.6570288872666596 0.06359576220966369 0.16033997288559806
4 0.7144694812609306 0.6576806757743249 0.06576379955772041 0.17207216602356867
4 0.7950482026970384 0.6544217332359996 0.06215040397762585 0.17076858900823866
4 0.8759882636911559 0.6544217332359996 0.06215040397762585 0.16816143497757846
4 0.14030092358391028 0.7658775680467201 0.06648647867373929 0.16685785796224833
4 0.21835026811395206 0.7665293565543853 0.06937719513781491 0.1733757430388987
4 0.294954254411956 0.7632704140160601 0.06504112044170149 0.1616435499009281
4 0.37228091982597883 0.7593596829700697 0.06215040397762585 0.15642924183960788
4 0.447439547891945 0.762618625508395 0.06648647867373929 0.1655542809469183
4 0.5276569297700434 0.760011471477735 0.06359576220966362 0.14730420273229733
4 0.6020928787199907 0.7587078944624049 0.060705045745588014 0.1577328188549379
4 0.6815875814820703 0.7528417978934195 0.05925968751355018 0.15121493377828765
4 0.7614436238021592 0.7489310668474293 0.057091650165493536 0.15642924183960788
4 0.8362409123101159 0.7554489519240797 0.06359576220966376 0.1694650119929085
4 0.9168196337462241 0.7508864323704245 0.059982366629569205 0.1655542809469183
