4 0.7832242341319542 0.8604876303094895 0.18532565677112528 0.06515664147471255
4 0.7852219722730697 0.6244076668956844 0.18616906409840947 0.06666533646189403
4 0.302072311196092 0.6237628336942588 0.17986927118002033 0.06326914159610006
4 0.7830422918892762 0.5462291805250737 0.17855034387699692 0.062219974193015844
4 0.7844788760882322 0.7074520473823998 0.1912735738027256 0.06287759101635332
4 0.6820879196372267 0.12197607596369542 0.187974733087514 0.062237044311295835
4 0.6836863633228524 0.43412669805949927 0.1799061180764784 0.062379181496173865
4 0.2025710520722941 0.2068864953969857 0.16156901372387805 0.058881628061392945
4 0.30657017284444626 0.5464977883196084 0.17164579314501296 0.060055103859151644
4 0.6850715945119815 0.5110724942887177 0.17422211651310257 0.0590687165577416
4 0.29775497197035716 0.16663371501612026 0.17466580172825286 0.05832123504505904
4 0.30066335361634666 0.47150136166436835 0.17232817919264995 0.05930014942802206
4 0.7827908639950603 0.470142940618445 0.17884203992082398 0.06046406595954397
4 0.3043557838474154 0.7026724901311956 0.18292056712334465 0.06040401707679459
4 0.2969362831971036 0.08900287123182829 0.1602287634605784 0.056901902127073294
4 0.782732326353612 0.3937020026207563 0.1811838877040709 0.059930491995707734
4 0.6873895277356887 0.8212215406988036 0.17403606876664096 0.061365482005515844
4 0.6904215449174957 0.897557630236657 0.17650149221377523 0.061698007909610005
4 0.20524694246026967 0.4362759587185363 0.17455771578801588 0.06168511048690957
4 0.6873806324774909 0.6670043072839787 0.17076398225108605 0.06277604277938548
4 0.6796820259949552 0.1967770876982258 0.17478429683120797 0.06050702575721527
4 0.2031800565163651 0.28081702593322716 0.17027130469078441 0.06317806303167728
4 0.20351387246307237 0.35691694090127796 0.17168837919363525 0.06212536780414853
4 0.778100941747828 0.3134124167888634 0.18130452109024664 0.060589057158949654
4 0.6814920057630325 0.27621736876189595 0.18644078002382286 0.06215871143518878
4 0.2138098601268546 0.8879319043393605 0.18625901739693543 0.060586401807217215
4 0.682760093244202 0.35450607119620103 0.18310813732745937 0.06026639398986171
4 0.20226558120795965 0.5128678534622144 0.16188538555607132 0.05692099220934975
4 0.3036913508256989 0.24117914914640304 0.165581023211971 0.05834433660513129
4 0.30467745862199586 0.7767799429600101 0.17142821855074622 0.054907742459408014
4 0.3029538312835009 0.3206361209923914 0.1639479906569682 0.058762383801808184
4 0.20851976026868607 0.1275060071642907 0.17480819428448185 0.06179834227150015
4 0.7836889087351983 0.0788775812105187 0.16738624743816563 0.05995156885008399
4 0.3023608853464169 0.39700110644713327 0.16901324148135335 0.06010525207329863
4 0.6844011999566458 0.5874220312864162 0.17677745049309837 0.05914052485530609
4 0.20827653055233805 0.5856724010631118 0.16186438761484462 0.057103680408541795
4 0.2127946802318898 0.7395077569652152 0.17955888654084484 0.05922686172020664
4 0.2137752113855473 0.8110818145732985 0.1773101652684233 0.059039393887896204
4 0.6910325123055633 0.7471182226319725 0.18217338254098936 0.06178540691520354
4 0.7792490800934522 0.23747113063662892 0.18067042603086464 0.061548113304313624
4 0.2101926675291874 0.6653121274920855 0.1682409962196521 0.060752437157687224
4 0.782725552272369 0.1581175041317273 0.1789418720878293 0.06078434879547175
4 0.3068702509584983 0.8533338851407123 0.18144070407200286 0.06275225841458204
