4 0.08212525474438839 0.2574825320679946 0.07443594894994723 0.17207216602356867
4 0.12367930391547544 0.3526436541870894 0.06793183690577709 0.1512149337782876
4 0.16378799485452467 0.2529200125143394 0.058537008397531336 0.16033997288559815
4 0.2028126671195456 0.3559025967254145 0.061427724861606935 0.15512566482427784
4 0.24183733938456642 0.2516164354990093 0.06576379955772037 0.17076858900823866
4 0.28303004899764406 0.34808113463343415 0.06287308309364477 0.1577328188549379
4 0.32060936303062715 0.24509855042235895 0.0599823666295691 0.15512566482427778
4 0.35638197927356297 0.3552508082177495 0.06793183690577705 0.1512149337782876
4 0.3993813866766878 0.245750338930024 0.059982366629569135 0.15642924183960788
4 0.4427421336378221 0.3493847116487642 0.06142772486160697 0.16033997288559806
4 0.4730946565106161 0.24314318489936385 0.06576379955772033 0.16946501199290856
4 0.5204301386098544 0.3545990197100845 0.05925968751355018 0.17076858900823857
4 0.5536733779467241 0.2385806653457086 0.05636897104947465 0.16816143497757843
4 0.5934207293277639 0.346125769110439 0.060705045745588014 0.16425070393158828
4 0.6320840620347753 0.2385806653457086 0.059982366629569066 0.16816143497757843
4 0.6696633760677584 0.34221503806444886 0.06287308309364473 0.15903639587026805
4 0.7104947461228265 0.24444676191469392 0.060705045745588083 0.15642924183960788
4 0.7473513810397907 0.3389560955261237 0.06359576220966376 0.16555428094691835
4 0.783485336840736 0.24314318489936385 0.06504112044170152 0.159036395870268
4 0.8239553673377946 0.34482219209510895 0.06359576220966362 0.15382208780894777
4 0.8615346813707777 0.24509855042235895 0.06937719513781496 0.16555428094691835
4 0.8976686371717231 0.3493847116487642 0.06937719513781482 0.16033997288559806
4 0.09224276236865307 0.7319845656481385 0.06720915778975818 0.15903639587026805
4 0.13307413242372124 0.8251903222442382 0.0693771951378149 0.1577328188549379
4 0.1713761255727232 0.7261184690791532 0.057814329281512415 0.16294712691625826
4 0.2132915143018197 0.8291010532902285 0.06504112044170145 0.15512566482427784
4 0.245450734964661 0.7267702575868182 0.07299059071790943 0.15903639587026805
4 0.2902568401578331 0.820627802690583 0.06865451602179604 0.1616435499009281
4 0.3224160608206744 0.7215559495254981 0.07371326983392831 0.16946501199290862
4 0.36469278910778036 0.8232349567212431 0.06431844132568257 0.15121493377828765
4 0.39938138667668777 0.7228595265408281 0.06287308309364473 0.1694650119929085
4 0.4384060589417087 0.821931379705913 0.0585370083975313 0.1512149337782875
4 0.47526269385867287 0.7248148920638232 0.06431844132568257 0.16294712691625826
4 0.5128420078916559 0.8193242256752529 0.059982366629569135 0.14860777974762748
4 0.5500599823666296 0.7254666805714881 0.06504112044170145 0.16946501199290862
4 0.5898073337476694 0.8186724371675879 0.06215040397762585 0.14469704870163727
4 0.6259412895486146 0.7196005840025029 0.060705045745588014 0.15512566482427784
4 0.6620752453495599 0.8258421107519033 0.06359576220966376 0.14600062571696742
4 0.6989318802665241 0.720904161017833 0.07082255336985271 0.16033997288559806
4 0.7375952129735355 0.8121545520909376 0.06431844132568264 0.15773281885493803
4 0.7733678292164713 0.7130826989258525 0.06793183690577705 0.16816143497757846
4 0.8109471432494544 0.8154134946292626 0.06215040397762585 0.1407863176556471
4 0.8503331550724846 0.7176452184795077 0.0643184413256825 0.16425070393158828
4 0.8875511295474583 0.8141099176139326 0.060705045745588083 0.16425070393158828
