4 0.10782886531715476 0.18622656273512506 0.06340175439328274 0.16552803442983113
4 0.14766352021556595 0.2776431817497818 0.060481936756749975 0.1527372317693442
4 0.18416124067222542 0.1828407620308785 0.06173328717240687 0.1527372317693442
4 0.2206589611288849 0.273504980889036 0.06715580564025345 0.15649923255184037
4 0.25903370720902974 0.18810756312637314 0.06215040397762585 0.15123243145634574
4 0.29782557009439353 0.2768907815932826 0.07132697369244309 0.15725163270833964
4 0.33870301700585215 0.17945496132663194 0.061316170367187964 0.15348963192584344
4 0.3735322702416357 0.27388118096728564 0.060899053561968966 0.16176603364733505
4 0.41044710750351415 0.17907876124838232 0.06298463758806377 0.15875643302133807
4 0.449656087194097 0.268614379871791 0.06298463758806384 0.16628043458633038
4 0.4836511068194426 0.18095976163963043 0.06840715605591033 0.15800403286483883
4 0.5249456705361202 0.26974298010653985 0.06173328717240689 0.1549944322388419
4 0.5593578069666848 0.17945496132663194 0.06048193675675001 0.15348963192584344
4 0.6004438122807529 0.27124778041953834 0.06006481995153105 0.16101363349083578
4 0.6340217151008797 0.17644536070063505 0.06548733841937761 0.1640232341168327
4 0.6742734868045098 0.2708715803412887 0.06173328717240689 0.161766033647335
4 0.7099369736507314 0.17907876124838232 0.06131617036718793 0.15574683239534115
4 0.7539427966013322 0.26823817979354136 0.06340175439328273 0.16101363349083575
4 0.7864779074084115 0.1738119601528877 0.06507022161415857 0.15875643302133807
4 0.829023821540746 0.26598097932404374 0.06423598800372066 0.16101363349083575
4 0.8651044251921864 0.17268335991813885 0.059647703146312084 0.16101363349083578
4 0.9055647552984261 0.2659809793240437 0.059647703146311945 0.1730520359948235
4 0.9151584418184623 0.743002678544557 0.06381887119850169 0.1655280344298312
4 0.8740724365043944 0.6485764589039035 0.06507022161415857 0.16327083396033346
4 0.8356976904242495 0.7478932795618022 0.06840715605591026 0.1632708339603334
4 0.7958630355258381 0.647071658590905 0.06882427286112937 0.16929003521232724
4 0.7595738734717883 0.7505266801095495 0.06548733841937754 0.16402323411683262
4 0.7182793097551107 0.6500812592169019 0.06298463758806377 0.15875643302133804
4 0.6803216804801848 0.7482694796400516 0.06882427286112937 0.16703283474282965
4 0.642364051205259 0.6474478586691547 0.059647703146312014 0.16853763505582803
4 0.6019037210990194 0.7557934812050442 0.06465310480893961 0.17305203599482344
4 0.5601920405771228 0.6519622596081499 0.06465310480893961 0.1805760375598158
4 0.5234857617178539 0.7490218797965509 0.06465310480893968 0.16703283474282965
4 0.4826083148063952 0.6448144581214073 0.06298463758806377 0.1722996358383242
4 0.4465277111549547 0.7520314804225479 0.06173328717240689 0.15950883317783726
4 0.4077358482695909 0.6515860595299005 0.0625675207828448 0.1662804345863304
4 0.36727551816335124 0.7527838805790471 0.0625675207828448 0.15800403286483883
4 0.3257723960440642 0.6527146597646492 0.06799003925069137 0.1625184338038343
4 0.28760620836652884 0.7516552803442983 0.06256752078284478 0.1542420320823427
4 0.25194272152030733 0.6549718602341469 0.05797923592543621 0.14747043067384955
4 0.213359417037553 0.7512790802660486 0.06173328717240689 0.15950883317783726
4 0.17727881338611254 0.6542194600776476 0.05881346953587413 0.16703283474282965
4 0.13786127529292028 0.7546648809702952 0.06256752078284483 0.15725163270833958
4 0.10178067164147976 0.6519622596081499 0.06131617036718793 0.16853763505582808
