4 0.2163677130044843 0.06061492340876686 0.23080981271432338 0.09322560596643878
4 0.21513123186494326 0.16000987094651406 0.23328277499340544 0.06077943918400174
10 0.7381627538907939 0.06838372390597008 0.24729622790820355 0.09413958249552151
10 0.8251285940385122 0.13441852813219754 0.2761474544974941 0.11104814828355204
10 0.7295073859140068 0.1826307900413117 0.25306647322606174 0.09048367637919058
10 0.8288380374571352 0.25323547691295284 0.2736744922184119 0.0927686177018974
10 0.7233249802163016 0.30121924468979633 0.26707992614085996 0.0927686177018974
10 0.8374934054339224 0.3754798376777683 0.24976919018728563 0.10327934778634881
10 0.7229128198364546 0.43580228859722875 0.2613096808230019 0.10967718348992798
10 0.8271893959377472 0.4986381749716667 0.28851226589290424 0.10373633605089026
10 0.7266222632550777 0.5585036376265856 0.2621340015826958 0.11104814828355204
10 0.8251285940385122 0.6217965122655649 0.27779609601688204 0.09413958249552146
10 0.7344533104721708 0.6798340218623184 0.28439066209443414 0.1243008079552517
10 0.8321353204959113 0.745868826088546 0.2505935109469797 0.12110189010346221
10 0.7204398575573726 0.8052773004789235 0.2695528884199419 0.10190838299272476
10 0.8168853864415719 0.8779384345410008 0.25966103930361384 0.1064782656381385
10 0.735689791611712 0.9373469089313786 0.29840411500923236 0.10647826563813836
4 0.18092192033764176 0.9576828867034693 0.2275125296755473 0.07677402844294956
4 0.11827354260089683 0.9069571893393776 0.2258638881561593 0.07951595803019781
4 0.1928745713532049 0.8566884802398272 0.20195858612503292 0.07677402844294956
4 0.12033434450013186 0.8043633239498409 0.22998549195462936 0.08454282894015294
4 0.1920502505935109 0.7527236500566664 0.2332827749934054 0.08454282894015279
4 0.11621274070166182 0.7072533177348005 0.22833685043524138 0.07951595803019768
4 0.199469137430757 0.6565276203707088 0.21020179372197306 0.08408584067561149
4 0.12775323133737798 0.6042024640807223 0.2349314165127934 0.08180089935290469
4 0.20152993932999208 0.5555332139070668 0.20772883144289103 0.07586005191386681
4 0.1347599577947771 0.20388074434248524 0.22091796359799518 0.0790589697656564
4 0.20812450540754415 0.2525499945161408 0.2176206805592192 0.08134391108836324
4 0.14506396729095222 0.30030526816071357 0.23658005803218146 0.0790589697656564
4 0.20070561857029803 0.35971374255109123 0.21926932207860722 0.08088692282382187
4 0.13228699551569503 0.4051840748729572 0.23245845423371136 0.07951595803019781
4 0.2114217884463202 0.4581947135597558 0.2390530203112635 0.08774174679194235
4 0.12486810867844896 0.5059499872043285 0.23905302031126352 0.07814499323657369
