3 0.33325996741051095 0.8566641514163493 0.34399603942049994 0.22395304791893256
3 0.3362149550775776 0.6158584585243163 0.3483775356959869 0.2039762298982287
4 0.7203305505316353 0.23353567176757203 0.1506301127207119 0.06551130163217643
4 0.7138915468224496 0.16353276207107723 0.1434879046384529 0.06976131536413824
4 0.7152204983972114 0.6419608884897937 0.16070720860776344 0.08197931890683266
4 0.8030590861367538 0.6729701808552477 0.14577337016973796 0.07322602778802827
4 0.8015851418533667 0.058230180189133875 0.14408518701390835 0.07413247951889275
4 0.7995254106051184 0.7459951226499378 0.1479747412985216 0.06983969565724052
4 0.8039406062241626 0.19723616007916892 0.14569687094923625 0.07719238357117192
4 0.7158630439518813 0.09797054881113074 0.16084563251033493 0.06592640897514955
4 0.7275075527584606 0.9207665423860899 0.15199060824954455 0.07886523619581261
4 0.8105108492042986 0.6009968152469992 0.14406246989297225 0.06964900346925497
4 0.8011831788204176 0.8130805736895004 0.14549590653902747 0.06571972777637507
4 0.8103214144172155 0.46674355933057216 0.14115146243518778 0.06642191657522141
4 0.710327730050536 0.031923876110999165 0.14552334498931474 0.06509076030155084
4 0.8014479838144619 0.1279643019065122 0.1452618928233604 0.06560410617522529
4 0.8072429024050588 0.4013520140615289 0.12997860758828475 0.06927137451930547
4 0.7206819132304513 0.5729804646531715 0.15936197186799328 0.06794404005544981
4 0.705802404292496 0.3033832418071524 0.14628343339814548 0.0565282403990573
4 0.8045802095011211 0.32986994542417647 0.14893796091122477 0.0734307174730034
4 0.7093218131984831 0.43722551249805774 0.14665235852981362 0.06866064362084369
4 0.8071024257505955 0.5358668790239959 0.13651060095816983 0.06774086771432178
3 0.34273900258701484 0.3103766226980882 0.29459609187059166 0.22174765185981843
3 0.4279236558306912 0.4604712581693792 0.1804243352915674 0.11605814097459602
4 0.7246751314856011 0.8415408232258001 0.18012295710131726 0.08177087379583592
4 0.7190862065473479 0.5046707636973663 0.16490666000297785 0.071526375077688
3 0.3326025051920938 0.6275091556527734 0.32747836604781216 0.1923444237006681
4 0.7035602518261282 0.36946983803669453 0.14628343339814548 0.05652824039905719
3 0.3353886397608371 0.09218976590014502 0.2955904334828101 0.18562253987984256
