4 0.8033056867336004 0.04502879268715246 0.21925473233064793 0.08360054340353212
4 0.891106789951982 0.08902907868901147 0.2004047779673796 0.08690056485367154
4 0.808762252470336 0.1404544129536842 0.21627842374697406 0.08635056127864832
4 0.8836660184927971 0.1877547204056826 0.2013968808286042 0.08085052552841593
4 0.8117385610540101 0.23945505645786694 0.21231001230207544 0.08745056842869478
4 0.880193658478511 0.29088039072253963 0.2103258065796262 0.08360054340353212
4 0.8018175324417633 0.3414807196246775 0.21231001230207544 0.08580055770362512
4 0.8767212984642246 0.39373105925188506 0.2073494979959522 0.08470055055357856
4 0.8023135838723758 0.4407563649163719 0.21727052660819868 0.08745056842869474
4 0.8737449898805506 0.4935567081186027 0.20734949799595234 0.08855057557874119
4 0.7884241438152305 0.5408570155706011 0.2212389380530973 0.08855057557874126
4 0.8628318584070795 0.5961323748604365 0.21528632088574945 0.08360054340353212
4 0.793384658121354 0.637657644774691 0.22520734949799592 0.09295060417892717
4 0.8623358069764673 0.6987080416022703 0.2142942180245248 0.08195053267846239
4 0.7894162466764553 0.745183343691734 0.2073494979959522 0.07920051480334628
4 0.8598555498234057 0.796333676168895 0.21330211516330005 0.08140052910343916
4 0.7804873209254335 0.8408839657457773 0.20536529227350295 0.0715004647530209
4 0.7864399380927813 0.9393346056749368 0.22917576094289455 0.08800057200371796
10 0.2521925473233064 0.06125389815033797 0.28572562403269974 0.10505068282943837
10 0.1842335013294178 0.12422930749049867 0.2946545497837215 0.1067006935545081
10 0.26707409024167617 0.19132974364333366 0.26786777253065597 0.10450067925441515
10 0.16637564982737404 0.2512801333208665 0.26687566966943127 0.10780070070455457
10 0.27153855311718716 0.3181055676861899 0.28870193261637367 0.1028506685293454
10 0.16488749553553708 0.37860596093874604 0.26786777253065597 0.10065065422925247
10 0.27054645025596247 0.44433138815402295 0.2787809040041271 0.10010065065422918
10 0.17381642128655894 0.4963067259937189 0.27580459542045316 0.097350632779113
10 0.27153855311718716 0.5595571371213911 0.258938846779634 0.10175066137929899
10 0.1633993412437001 0.6263825714867146 0.25497043533473546 0.09900064350418274
10 0.2809635302988213 0.695958023727154 0.27977300686535184 0.07865051122832291
10 0.16389539267431247 0.7424333258166177 0.2638993610857574 0.09790063635413623
10 0.2745148617008611 0.8175088138072898 0.27481249255922857 0.07645049692823003
10 0.17183221556410963 0.8598590890840789 0.2638993610857573 0.09955064707920604
10 0.2631056787967776 0.9313595538370998 0.26588356680820663 0.10505068282943839
