3 0.6705930222310292 0.4570142936825085 0.1636206793678181 0.10685302279171845
3 0.27452934162499126 0.8727506136138518 0.17189145622766605 0.10833728854296146
3 0.6638869897132497 0.6965024389784998 0.16513691034017658 0.11043387840370571
3 0.28105130217000507 0.5184781944033076 0.16238846372595817 0.11138498746067044
3 0.7876464775324937 0.87967410185383 0.17179063189724636 0.11629772956805469
3 0.8020678122481958 0.5133691459357035 0.1710754531381376 0.11039871396004894
3 0.8046375497039658 0.3925354686710981 0.17734968929547365 0.11693649339409182
3 0.2868781410525198 0.28286769717579824 0.16877601178772247 0.11285939047690724
3 0.6633047266391361 0.8184429806459758 0.1695350681185188 0.11878222838331261
3 0.8006552794589056 0.6344574903982481 0.17259223151100056 0.11415046042281696
3 0.6656382265646896 0.5738891260160134 0.1619141582950883 0.12224484497601382
3 0.2776663399597989 0.759498875951678 0.16966357038694646 0.10856215890110316
3 0.8075727112090106 0.2728756655070113 0.18141947519618834 0.11057795020198881
3 0.29021915726597536 0.40005485577343264 0.17702405442036856 0.10575662806139294
3 0.6667999814978629 0.3297092302605704 0.14858351908457118 0.11442485309076872
3 0.2833542331986363 0.6332127184064733 0.16637316306075708 0.11457520289921923
3 0.7992523603909754 0.757205562461156 0.15945407200287276 0.11085698973547234
