4 0.04346192203737696 0.19491083533215142 0.07804934453004177 0.2137866305141308
4 0.088990706346568 0.11148190635102723 0.08816685215430645 0.20335801439149026
4 0.1446369982800237 0.1962144123474815 0.07515862806596615 0.1929293982688497
4 0.19161114082125252 0.11930336844300761 0.083830777458193 0.20857232245281052
4 0.24581207452267043 0.19360725831682138 0.07804934453004175 0.19553655229950986
4 0.2902568401578331 0.12321409948899784 0.0831080983421741 0.20335801439149026
4 0.3451804529752699 0.20077693190113668 0.07732666541402283 0.19944728334550005
4 0.39359995374853657 0.1290801960579831 0.07588130718198503 0.19944728334550002
4 0.44274213363782206 0.20012514339347168 0.07732666541402287 0.20596516842215043
4 0.49549770910720214 0.13038377307331317 0.07732666541402287 0.20726874543748044
4 0.5450012285544972 0.20599123996245697 0.07515862806596615 0.2046615914068203
4 0.5948660875598016 0.1329909271039733 0.08527613569023086 0.21509020752946081
4 0.641478890543021 0.2190270101157576 0.0744359489499472 0.19944728334550005
4 0.6974865220344864 0.13950881218062364 0.08383077745819302 0.21509020752946087
4 0.7469900414817813 0.2138127020544374 0.08310809834217414 0.23073313171342164
4 0.7939641840230102 0.1310355615809782 0.08599881480624981 0.22421524663677134
4 0.8394929683322011 0.21316091354677236 0.0773266654140228 0.22942955469809156
4 0.943197421480914 0.20859839399311714 0.08961221038634422 0.23334028574408178
10 0.05719282524173617 0.7385024507247889 0.10695650917079798 0.2841797893419543
10 0.12078858745139981 0.8180206486599229 0.09972971801060891 0.24767963291271236
10 0.18835908479916746 0.7202523725101679 0.11201526298293031 0.26071540306601326
10 0.24798011187072713 0.820627802690583 0.11562865856302483 0.27635832724997395
10 0.31265989275441913 0.7326363541558036 0.10912454651885471 0.2672332881426635
10 0.378785031870149 0.8271456877672333 0.09683900154653333 0.25810824903535307
10 0.43732204026768035 0.7293774116174785 0.10695650917079803 0.2528939409740327
10 0.4998337838033156 0.8310564188132236 0.09178024773440094 0.2633225570966733
10 0.5576481130848281 0.720904161017833 0.11056990475089251 0.2646261341120033
10 0.6230505730845389 0.8310564188132236 0.10262043447468452 0.2555010950046929
10 0.6877303539682309 0.7267702575868181 0.0975616806625522 0.2607154030660131
10 0.7433766459016866 0.8238867452289081 0.08744417303828758 0.24898320992804251
10 0.8123925014814921 0.7287256231098133 0.08527613569023079 0.2437689018667223
10 0.862618700044806 0.821931379705913 0.10189775535866565 0.2815726353112943
10 0.9276598204865074 0.7326363541558036 0.0975616806625522 0.2594118260506831
