3 0.8557818530206741 0.6480785783208165 0.22975474973791593 0.3007768302183105
3 0.09453575915086387 0.6647052627644632 0.1883693304126261 0.29620215566827884
4 0.2309837365017091 0.27575759716632653 0.06820001596245727 0.16002088811900048
4 0.16021381897389925 0.2792698898657555 0.06389617445751922 0.15410820999487632
4 0.09500222831427346 0.282354825280707 0.0666114660136221 0.14944362212724216
4 0.6414438915074872 0.27274137762095363 0.07037383862501942 0.15718844973987528
4 0.9198002219570579 0.2692503651161365 0.06848554214088719 0.14864954927042462
4 0.5704767145378534 0.27590654142234355 0.06515277224790242 0.1480046601573448
4 0.299360347028112 0.28992114821444065 0.06201036813754075 0.14630224419057847
4 0.6721629918621814 0.1848820228747723 0.07044890921185519 0.15392577167049118
4 0.19399019173763787 0.18497626556943886 0.06915237682809586 0.14055338461837427
4 0.1273946910263071 0.18949196905298618 0.0648556383890421 0.1407768437680642
4 0.6015622154980286 0.1841949753697143 0.06662554411950357 0.1413788218134722
4 0.43802120364168734 0.2919963276141353 0.056416002533498356 0.13693757732986891
4 0.05528290691103084 0.18395232298983585 0.06501729003830382 0.12457102617340772
4 0.7458567117792517 0.20435272077162012 0.055022234874438844 0.14536693305265097
4 0.029115682807007215 0.278047912323956 0.059474373693566944 0.15247505769601316
4 0.46985154972961063 0.2010197998995278 0.05060543660348257 0.13475416857577896
4 0.37041440296020095 0.2912341567495093 0.05287521362084139 0.1358547650284608
3 0.3077627345181949 0.6635689376877202 0.2128671480737609 0.32976065418968636
3 0.459866351842284 0.6465980397708871 0.09366576712642233 0.29852359925684896
3 0.6162469947064318 0.6556001799063583 0.21595730924150752 0.2961622431698675
4 0.5047100324679119 0.2884505981324375 0.056416002533498356 0.13693757732986891
4 0.3329147530078977 0.19756520862362534 0.056416002533498356 0.13693757732986891
4 0.3996035818341223 0.1927159021265975 0.056416002533498356 0.13693757732986891
4 0.5349469266821429 0.19568805772155 0.056416002533498356 0.13693757732986891
4 0.8118228614894574 0.19559268322860207 0.055022234874438844 0.14536693305265097
4 0.878511690315682 0.20117199285421478 0.055022234874438844 0.14536693305265097
4 0.8492865468638774 0.2853309249639238 0.055022234874438844 0.14536693305265097
