3 0.1198134555662545 0.2708783855352701 0.10574144988122232 0.14859545925807524
3 0.4737492117398714 0.2791830499075988 0.10480274985190724 0.14755153228349216
3 0.23853715952321414 0.27757398323093296 0.10424605536120066 0.15397674834247127
3 0.29896499889840833 0.6627288955209502 0.11431856315427866 0.14842559403902747
3 0.4834843570953426 0.7995094675654253 0.10517878559081727 0.161862976347919
3 0.7235958272437266 0.8023884178811659 0.11020233173263673 0.16258000258373037
3 0.11419229169600198 0.7872633998169493 0.11420866952615172 0.1623606318315583
3 0.5395430427963797 0.6670638285410244 0.10567533636478402 0.15131176319892095
3 0.7105707200585573 0.286998885629423 0.10783967562830173 0.15075495424826582
3 0.17312473655117452 0.6596333114555598 0.11069377095451852 0.16415412115943806
3 0.6617853841550458 0.6734382732032126 0.10997822004641858 0.16209356881043302
3 0.36220049339469873 0.283996000418214 0.11290007425880787 0.15816836506796525
3 0.3567138349439432 0.7934182684517762 0.10847235111215234 0.16562197561221273
3 0.5916279566962205 0.28931847816090944 0.10382645288708048 0.14860767313183157
3 0.4197667455584311 0.6654641532042636 0.11220624981791873 0.15574084910576652
3 0.6048868486346333 0.8012198888667496 0.11054851373135487 0.16642952820645318
3 0.23798426986042184 0.7998131817555026 0.11827604379918169 0.169379789372507
