3 0.13910648021140848 0.6465248142122688 0.09934042580309975 0.14281720217033353
3 0.7091487792058343 0.6775566408987003 0.09028893868474207 0.14373854564444366
3 0.6106919027249067 0.309045175800409 0.10429098770587321 0.14469418718141291
3 0.6634023235410972 0.19382452768359018 0.10406478967186528 0.1491062438006893
3 0.15773404763306498 0.33119606223341597 0.09932914055823687 0.15840140372648367
3 0.4394179036559489 0.19848331742222533 0.0957910930095362 0.14620602184346973
3 0.3860967338566753 0.321160945122552 0.09703607363608996 0.14281369538585167
3 0.20277043611006368 0.7922261908723435 0.09909150091355393 0.15066076874024353
3 0.27163558779776353 0.3264718675827232 0.09436496049443559 0.15268262512480732
3 0.32576699076119675 0.21063616029884782 0.1011526274932994 0.1489056557283273
3 0.5957871743808333 0.6745820339360815 0.10655969376077239 0.1486980658226956
3 0.20885126126931275 0.21497681536482055 0.10857764529174273 0.1573589393376235
3 0.2605388539410882 0.6802441378879974 0.09815528542451639 0.15185957425378363
3 0.758060282250233 0.7911405691651485 0.09904401268256681 0.14255773433120797
3 0.37288055514755863 0.6776357402715982 0.10017120949298865 0.15464659549730242
3 0.48657004650962354 0.679953194519864 0.09703622537047467 0.15460478778377243
3 0.8358838998286008 0.6775638255303216 0.10263852438917806 0.15662873272404007
3 0.10816191915698196 0.535478035965308 0.10777242410397811 0.1490990677222008
3 0.09716044505125926 0.7890453316742939 0.10362525584975575 0.16223679519766296
3 0.4938886510873893 0.31183974090713024 0.09994186297049798 0.14331600377377907
3 0.9420208121916757 0.673399202492205 0.09068837945249378 0.1582066146782161
3 0.5508408776433964 0.19499086978127453 0.11406686800949098 0.15366201891070155
3 0.546384830009781 0.8090329672972245 0.10563466449226819 0.14833306425840326
3 0.31488687416923655 0.8080516158384504 0.10467058368921987 0.14768861314529103
3 0.4306167078085041 0.8114930591589219 0.10591359176877235 0.1486271885963286
6 0.7520487952939136 0.2991969965585567 0.02384841082862382 0.06778600479716343
