10 0.06405827684391575 0.2555271665449995 0.1091245465188547 0.26201898008134317
10 0.1337968115397401 0.17209823756387527 0.10695650917079796 0.25159036395870266
10 0.18546836833509184 0.26660757117530504 0.08599881480624974 0.23464386275941185
10 0.25195484700883114 0.17405360308687037 0.09467096419847658 0.23464386275941185
10 0.30687845982626794 0.27312545625195533 0.08888953127032538 0.2502867869433726
10 0.37300359894199775 0.16623214099488998 0.0953936433144955 0.24507247888205233
10 0.4344313238036047 0.2698665137136302 0.10695650917079796 0.25419751798936285
10 0.4973044068972494 0.16753571801022005 0.11129258386691147 0.2841797893419543
10 0.558370792200847 0.2724736677442903 0.09900703889458998 0.25159036395870266
10 0.6187144983884256 0.16623214099489 0.09972971801060893 0.28157263531129423
10 0.6783355254599853 0.26856293669830017 0.10767918828681684 0.2698404421733236
10 0.745183343691734 0.16818750651788505 0.09972971801060886 0.24898320992804251
10 0.8084177663433882 0.27703618729794555 0.09322560596643878 0.2502867869433726
10 0.877794961481203 0.186437584732506 0.0975616806625522 0.2646261341120033
10 0.9395840259008194 0.2672593596829701 0.10117507624264677 0.27766190426530396
4 0.05827684391576452 0.7867348002920013 0.08599881480624973 0.2398581708207321
4 0.15475450590428838 0.7873865887996663 0.07082255336985271 0.22291166962144127
4 0.20136730888750776 0.8662529982271353 0.08021738187809847 0.19814370633016992
4 0.2497868096607744 0.779565126707686 0.0816627401101363 0.20987589946814053
4 0.30181970601413555 0.8597351131504849 0.07877202364606067 0.22682240066743134
4 0.35276858369346836 0.7847794347690061 0.09250292685041986 0.2203045155907811
4 0.40335612181479175 0.8642976327041402 0.0794947027620796 0.20987589946814053
4 0.45141428303004894 0.7945562623839817 0.08599881480624974 0.21639378454479088
4 0.5034471793834101 0.8688601522577953 0.08021738187809847 0.21378663051413085
4 0.5533120383887146 0.7906455313379914 0.09178024773440094 0.2294295546980915
4 0.607151632532123 0.8708155177807906 0.0794947027620796 0.21769736156012104
4 0.6548484541893707 0.7978152049223068 0.08527613569023079 0.22291166962144116
4 0.7054359923106942 0.8753780373344457 0.08094006099411735 0.20335801439149026
4 0.7549395117579891 0.8043330899989571 0.08166274011013623 0.22551882365210132
4 0.8066110685533407 0.8805923453957659 0.08383077745819302 0.22160809260611125
4 0.8539465506525792 0.8101991865679425 0.08310809834217414 0.2216080926061111
4 0.9092315030280255 0.8766816143497758 0.07804934453004182 0.21639378454479088
4 0.955121626895226 0.8141099176139326 0.08310809834217414 0.22682240066743148
