3 0.6470597707536222 0.15681948041702065 0.10741303647209058 0.14118725729630133
3 0.8423883735651996 0.7993871577652046 0.1078170672049798 0.16102456405023824
3 0.2953773816229024 0.15277804387524524 0.10639046051992697 0.147839020185941
3 0.23035120326884417 0.7850193998738789 0.11593407914829668 0.1600887828878223
3 0.8302884288572094 0.2859292222779962 0.10356569734695463 0.15550230222967173
3 0.5908196486620668 0.28402182232638645 0.10234829444482209 0.15276861832280864
3 0.781274770638304 0.6745847009222603 0.1079771469808499 0.16040011692474776
3 0.41271545903293 0.15568792659605565 0.10194733633322327 0.1486292868986258
3 0.4716590895572754 0.28064790221073166 0.1038970093759711 0.15098741129374824
3 0.5284892118369814 0.15689095467195383 0.10990762562393178 0.14562170601746427
3 0.5349365575777365 0.6645010704416865 0.11837637683780686 0.15067123618361125
3 0.7066281676070152 0.2829010283465877 0.10516346041796146 0.16898233045911576
3 0.3522326349100761 0.2778894484310407 0.10137397002699658 0.15507676676249824
3 0.6559152360137314 0.6729012390957819 0.11095341693695618 0.16326493746496637
3 0.35137366655822716 0.7901707123213285 0.1142463565539543 0.1671596920543722
3 0.23504635826855286 0.2765946922815434 0.12057540637502913 0.14838982483731256
3 0.4108228760524297 0.6622440355241032 0.10706556473110239 0.15849543686939463
3 0.29366763857597883 0.6608770738268113 0.11965288028278433 0.1576683831321819
3 0.5971484638241517 0.8040980857111563 0.11505305241027092 0.1634726075313551
3 0.7672812310931898 0.15969537209266044 0.10595467936703697 0.15309846989242484
3 0.7199861226907579 0.8067743832680391 0.11779436167165164 0.15875531525889855
