3 0.49760959547006095 0.27678352834932474 0.09795839109355578 0.14959099260680878
3 0.5549064337503399 0.6684269242222534 0.10098374712311606 0.17142298403342207
3 0.18862248830279627 0.1394640276784854 0.10642392743515479 0.17188910411612335
3 0.6747033858314073 0.14479264015574092 0.10463075892683732 0.16186214241746294
3 0.3173587246664271 0.6617631783934452 0.10536329460262585 0.1598709859121006
3 0.4331275840365716 0.6615616323702004 0.10634289179032007 0.16170703562920402
3 0.42990527677565643 0.14117242188731652 0.10904459837729179 0.16385807157097376
3 0.2502773989054488 0.2694157570466867 0.10729504402117969 0.1638709611422278
3 0.6101007455620727 0.7933772476264714 0.09976308193171224 0.1633586798013593
3 0.7887402364569369 0.6713625822068254 0.11313023370708641 0.15772151439800813
3 0.5556063085998193 0.14930975276793065 0.10382891857083203 0.16514466803170105
3 0.6183164166138114 0.2798749213796025 0.1147579669656037 0.15796858099009423
3 0.48739018982578464 0.7849498800098094 0.10870774804323337 0.15600476457399104
3 0.2543392430335709 0.7869147399081243 0.09280120489240211 0.15962575048609165
3 0.7923117401142014 0.14986491524050588 0.11266262891353325 0.1599076959584326
3 0.7273827125670284 0.7869280827954211 0.11484259681867619 0.14769556704123457
3 0.7394019107635826 0.2815987068516008 0.11273794209894916 0.16033997288559806
3 0.6710000805709583 0.6675452672847183 0.11381508949900947 0.14790392135825392
3 0.19293956863280035 0.6620661645726773 0.10574815938604626 0.16961799929494814
3 0.30632381308812245 0.14140469290215874 0.10909442415587127 0.16582333774310057
3 0.3764910241065992 0.27242728947524 0.10505527380166252 0.16940707903806404
3 0.30899092423538005 0.13946493217228773 0.11256815529225256 0.16030457415388305
3 0.3761089922129631 0.7863997911832568 0.10941787202109407 0.15188495199577645
