1 0.8947779207076474 0.1747053915945354 0.2037955107173313 0.3089477526332256
1 0.9055747467009697 0.4780216915215351 0.1863644904389553 0.2950776931901137
1 0.9037680489109224 0.7818985295651267 0.18997788601904986 0.3084002502867869
1 0.7589142468960931 0.325920325372823 0.19367800309306665 0.3063405986025655
1 0.7607209446861404 0.6368234435290436 0.20307283160131226 0.29721555949525497
1 0.6136557445762932 0.17796433413286056 0.19656871955714225 0.28939409740327454
1 0.6129330654602743 0.4725727395974554 0.1936780030930666 0.28678694337261446
1 0.6183531588304161 0.7808687037230161 0.20018211513723674 0.2906976744186047
1 0.44563285010189774 0.08345500052143082 0.17561102519259397 0.16294712691625826
1 0.47706939164872014 0.32266138283449786 0.2009047942532557 0.29200125143393474
1 0.4734559960686256 0.624439461883408 0.20813158541344473 0.2854833663572845
1 0.3177186465665515 0.7789133382000208 0.19584604044112333 0.29721555949525497
1 0.33072687065489176 0.464751277505475 0.1929553239770477 0.2946084054645948
1 0.33759232225707136 0.17014287204088016 0.18500585370083972 0.2946084054645949
1 0.20317400667755503 0.08149963499843572 0.19801407778918 0.15642924183960788
1 0.19161114082125252 0.3161434977578475 0.2009047942532557 0.28417978934195437
1 0.17679621894286499 0.6211805193450829 0.19150996574500986 0.2815726353112942
1 0.06767167242401029 0.4601887579518198 0.13369563646349747 0.298519136510585
1 0.060444881263821235 0.7684847220773803 0.11346062121496811 0.2946084054645949
