3 0.34821610246258833 0.8348598394693281 0.10398237893416912 0.15193586819909613
3 0.15738620603951406 0.1940696613670999 0.1044614992206922 0.16796293386963984
3 0.5833854035163533 0.8384103817790078 0.10250499813063238 0.15198123401590527
3 0.4686489995947351 0.8351422495955857 0.11223442742246559 0.14565042624422347
3 0.2910645214054731 0.7079017536522562 0.10063646505010876 0.17168067282090807
3 0.3412587205544253 0.3247994735101948 0.09958287838306984 0.16721456895494674
3 0.5268981612481447 0.7093470652293135 0.1128101209107089 0.162596932217356
3 0.4089628405385382 0.7116643484149217 0.11308737050775886 0.15535521181547945
3 0.6435817720876709 0.7161600087255641 0.10626641766042573 0.1541847263216438
3 0.767607182134672 0.2072960977597087 0.1067571266605811 0.16895343797623844
3 0.23112911700906036 0.830390588050466 0.10718046559392479 0.15709812865663536
3 0.5828393683661727 0.3292058166367056 0.0973264932484268 0.16423744577998003
3 0.7040337363478575 0.8388531166018579 0.1097610210964713 0.14605015432365942
3 0.21781875866403336 0.31755343894787436 0.10748129797841244 0.16199898826701759
3 0.46053604875165083 0.32613688413337744 0.10604420265401646 0.16645489679858289
3 0.7035276651234268 0.33156489042957804 0.10059284141450435 0.15751629132326408
3 0.16952305065318618 0.7047595721189217 0.10603826604621465 0.16821022204754063
3 0.2801318029352713 0.1947098377039614 0.11065827459189519 0.16804163979842524
3 0.7641561255848619 0.7133981933657401 0.11092633411363857 0.1649232920671433
3 0.39973067526049755 0.19283027819988438 0.11233750006069375 0.17263154170972883
3 0.5236821946319395 0.19491083533215142 0.11201526298293035 0.17728647408488896
3 0.6438271521708716 0.20108198843580155 0.10838667808518489 0.1688935574929276
