3 0.8352955702708975 0.5276643078545 0.14635512005587864 0.1127402789849091
3 0.19188087617335298 0.8436241363278821 0.1688794619299371 0.11009285537406774
3 0.834314389079141 0.6445733752585554 0.15321370625175168 0.11438796266848586
3 0.7091971085210552 0.5920891723253476 0.15341993939181614 0.11440078422399393
3 0.32710488494736195 0.5346998898711836 0.15967357960517095 0.11662043067073881
3 0.8365069675873213 0.41210161757958164 0.1581450321214616 0.11934277313403122
3 0.7023931939505675 0.8279244830106044 0.16037151524838844 0.1058855643548011
3 0.3209343726324928 0.7803909178473625 0.15927009411456874 0.11319574767421535
3 0.8328158801981151 0.7628698449760137 0.15408311510299888 0.11379798144713331
3 0.3335302293033343 0.2953429189507749 0.1585838591571346 0.12111836890391935
3 0.18895383159141368 0.7211557107359967 0.15962995007433697 0.12316257246834213
3 0.8388441624662801 0.29653638575371927 0.15665049189409333 0.10928559051380904
3 0.7105408056969065 0.4709257383091691 0.14981797564724636 0.11567307703979567
3 0.20742338548326705 0.23271114712105245 0.16458206861008443 0.12019201151846061
3 0.32678061002038516 0.6534552423016042 0.1567694317599583 0.11675437419884244
3 0.19338340075026714 0.474231006344925 0.15686409783470256 0.11495780115026802
3 0.3299999835779849 0.4112475426616396 0.16149909186256306 0.11940141847372203
3 0.19741256354635606 0.3544889631443249 0.16468223434927218 0.11520190384167184
3 0.7183944434150275 0.23408422950189847 0.16111843753466878 0.11521666633285102
3 0.7142838305600201 0.35299866911242256 0.16111843753466878 0.11521666633285095
3 0.7157785988709319 0.7111921640368064 0.16111843753466878 0.11521666633285106
3 0.19410445836271045 0.5960067486649397 0.16111843753466878 0.11521666633285106
