1 0.09368812060069087 0.2222859526540828 0.18139245812074523 0.2946084054645949
1 0.09838553485481377 0.5201533006570028 0.19656871955714222 0.28287621232662424
1 0.10163759087689883 0.8173688601522577 0.20451818983335018 0.2906976744186047
1 0.2346105482243774 0.36437584732505995 0.20162747336927453 0.29721555949525497
1 0.23822394380447193 0.6759307539889456 0.20307283160131234 0.29721555949525497
1 0.3805917296601963 0.21316091354677236 0.2045181898333502 0.31285848367921576
1 0.38637316258834753 0.5273229742413182 0.20162747336927458 0.2920012514339347
1 0.38601182303033804 0.8245385337365732 0.1878965701649154 0.2789654812806341
1 0.5312703253501381 0.38067056001668576 0.1922326448610288 0.3089477526332256
1 0.5247662133059678 0.6870111586192512 0.1878965701649154 0.27766190426530396
1 0.5524809574052929 0.9183178642194181 0.192738520242242 0.15887996662842835
1 0.6815875814820703 0.21967879862342268 0.2009047942532556 0.3024298675565752
1 0.6747221298798908 0.5299301282719784 0.1929553239770477 0.2893940974032746
1 0.6646046222556261 0.8245385337365732 0.19295532397704776 0.2815726353112942
1 0.8228713486637662 0.37741161747836066 0.18861924928093435 0.3154656377098759
1 0.8149218783875584 0.6831004275732611 0.18572853281685867 0.2802690582959641
1 0.8007212337577868 0.9222285952654083 0.1934611993582609 0.15105850453644795
1 0.935247951204706 0.22293774116174783 0.12574616618728945 0.3063405986025654
1 0.9326752135516788 0.5366826572113881 0.13216355673753744 0.2898633851287934
