3 0.6326137594043408 0.15125865394935267 0.3438905678878806 0.21457405319514175
3 0.6353730342847884 0.8993094795753379 0.3407215067089406 0.16885662375213642
4 0.2799520962976019 0.7619889889391702 0.15321736699262542 0.06725747989822871
4 0.29009945332023956 0.35245283311362186 0.13953203506355677 0.06078731077710666
4 0.2839156865004467 0.8298100482758117 0.1380102388527361 0.06449295527598663
4 0.2895160640836297 0.8970251942807062 0.14471139608477263 0.06284936842079708
4 0.20248199970376504 0.2503571195189494 0.1466055073189273 0.05573904457511136
4 0.2740717319095081 0.07844382555360795 0.13484002585190108 0.058275676796049544
4 0.291484998124241 0.9659253759168801 0.1367609454555541 0.06442022392758187
4 0.19505981907181674 0.8663591440602664 0.14443471078915446 0.0685752171622514
4 0.2920236630290079 0.14821328399639236 0.14315745720057943 0.05700206262664764
4 0.2918242068212308 0.4920512298779975 0.13981944883885405 0.05712397488249696
4 0.29425285464801415 0.4221819839493345 0.14243599473984614 0.055988217723870956
4 0.2918072374055917 0.625431722258099 0.13985338767013208 0.051394686828322475
4 0.19614234776062106 0.32469768061854215 0.13966885097714632 0.05979519550267371
3 0.6473306846903758 0.5448211992357442 0.33314132120220813 0.09038660505036776
3 0.6631398165350715 0.6878215251612025 0.34636610684017083 0.21250693931919412
3 0.6329457521082218 0.383728450935574 0.3656481071437958 0.21990584932006813
4 0.20082808467482957 0.11759858005951222 0.13484002585190108 0.058275676796049544
4 0.1873751698766233 0.18472101635534818 0.13484002585190108 0.05827567679604956
4 0.19260685896481472 0.3937535417334298 0.13484002585190108 0.05827567679604956
4 0.1959700876643663 0.46398349822814705 0.13484002585190108 0.05827567679604956
4 0.19185947480935886 0.5300700944576892 0.13484002585190108 0.05827567679604956
4 0.19522270350891044 0.5992642108861127 0.13484002585190108 0.05827567679604956
4 0.2903587443946189 0.5582142117257095 0.13901345291479808 0.05324217940749938
4 0.1963437797420943 0.66617947916869 0.13484002585190108 0.058275676796049704
4 0.2837877259304351 0.6960116730779504 0.13484002585190108 0.058275676796049704
4 0.19746485597527813 0.8035318719592431 0.13484002585190108 0.058275676796049704
4 0.19335424312027072 0.9379839125641736 0.13484002585190108 0.058275676796049704
