1 0.2281390134529148 0.06380774808369588 0.30829596412556054 0.11601408742490159
1 0.5383034379671152 0.0689869484151647 0.2933482810164423 0.12222912782266418
1 0.375747384155456 0.17101719494510048 0.3120328849028402 0.20613217319245905
1 0.6821748878923768 0.1901802361715351 0.28213751868460396 0.1885228920654651
1 0.9151718983557549 0.1989848767350321 0.16517189835575477 0.1874870519991713
1 0.22440209267563535 0.31655272425937436 0.29708520179372194 0.19680961259581525
1 0.5355007473841555 0.32691112492231195 0.30269058295964124 0.20509633312616532
1 0.8269805680119582 0.3351978454526621 0.2840059790732438 0.19473793246322765
1 0.37668161434977593 0.47141081417029207 0.3101644245142004 0.19370209239693387
1 0.6812406576980569 0.4765900145017609 0.27653213751868444 0.19370209239693395
1 0.9114349775784754 0.4489330847317174 0.1726457399103139 0.18603687590636
1 0.2150597907324365 0.6174642635177128 0.3045590433482811 0.18955873213175883
1 0.5224215246636772 0.6112492231199502 0.29521674140508214 0.20406049305987156
1 0.8260463378176383 0.6159105034182721 0.29334828101644256 0.19266625233064014
1 0.36547085201793733 0.7614460327325461 0.28774289985052326 0.1937020923969338
1 0.6690956651718986 0.7588564325668117 0.29708520179372194 0.19266625233064014
1 0.21748878923766815 0.9047027139009737 0.32062780269058294 0.18810855603894747
1 0.5252242152466368 0.9021131137352392 0.30829596412556054 0.1932877563704164
1 0.8213751868460389 0.9018023617153511 0.27653213751868444 0.18230785166770244
