3 0.2740083275354496 0.4975397786862958 0.15829907404467664 0.11051186987744717
3 0.6682237359974951 0.209171966116498 0.16269653046612248 0.11133189939281968
3 0.6661652021878504 0.44194820728859147 0.15997588153377243 0.11921922341128029
3 0.2775127770120253 0.26019387633404867 0.15134566781766745 0.11446982336903744
3 0.1409932209237274 0.5688294101902385 0.17197823631389259 0.1197613703678527
3 0.14853681684074915 0.32466448872188663 0.17683503446023024 0.11480477702328697
3 0.7898202049358009 0.3875601550968186 0.15892302508845993 0.12046238322521752
3 0.2752656551754528 0.38196777571351576 0.15960370050952039 0.12385133277414154
3 0.7906416478178426 0.5069841630270645 0.15611609215159053 0.12169101447181867
3 0.2713879127673504 0.7453718736647373 0.16010058621120024 0.11564815466710689
3 0.1365751642817339 0.8151193148160736 0.17329115076449955 0.11884094959019577
3 0.1398409278938054 0.6895393101305158 0.171425939140833 0.12616061630865444
3 0.1500891185127566 0.4418767403933926 0.15542152644272877 0.11405775071375854
3 0.7839452632339546 0.7385812288785736 0.1475108877960342 0.11461408483530142
3 0.2713340023707916 0.6246033852851635 0.1692819809165236 0.12365377460524782
3 0.7887179798074901 0.2711412751059713 0.15789972827038956 0.12098728936232714
3 0.653958410425571 0.8040530985375233 0.16175431734777887 0.11443397612064947
3 0.6649527784954806 0.5681911205341535 0.16242016163642095 0.11863500809654676
3 0.6581832475191809 0.6814175944212729 0.1519480478603209 0.12119582930731432
3 0.6661846006932279 0.33103889764059097 0.1538525910655479 0.1232507491126573
3 0.14792387154070252 0.20911671583366512 0.16772100850605642 0.12206938312689364
3 0.7868512756621356 0.6261296624941733 0.148585571836463 0.12429564898617153
