10 0.711136023916293 0.023409985498239073 0.2615844544095664 0.04557696291692563
10 0.8223094170403588 0.06846902838201782 0.26345291479820626 0.09011808576755748
10 0.7139387144992527 0.11663559146467786 0.2858744394618834 0.08701056556867619
10 0.827914798206278 0.18603687590636006 0.2522421524663677 0.09115392583385126
10 0.7073991031390136 0.2445618396519577 0.28774289985052326 0.10047648643049514
10 0.7980194319880419 0.3118914439610524 0.28213751868460396 0.10254816656308266
10 0.7036621823617341 0.3621296871763 0.257847533632287 0.06215040397762585
10 0.806427503736921 0.4216904909881914 0.2802690582959641 0.11290656722602027
10 0.7064648729446936 0.4796975347006422 0.24850523168908803 0.10461984669567014
10 0.8073617339312408 0.5475450590428838 0.2559790732436474 0.10358400662937639
10 0.6999252615844546 0.6076237828879221 0.26905829596412556 0.10565568676196395
10 0.6980568011958147 0.7277812305779987 0.26532137518684584 0.09944064636420136
10 0.7980194319880419 0.7888957944893309 0.2597159940209268 0.10979904702713905
10 0.6943198804185353 0.8494924383675161 0.26905829596412556 0.08804640563497
10 0.7924140508221227 0.9116428423451419 0.24103139013452915 0.10669152682825776
10 0.6997384155455905 0.9590843173813963 0.29110612855007456 0.07934534907810224
4 0.20384902840059796 0.036357986326911125 0.218609865470852 0.06732960430909468
4 0.1459267563527654 0.08089910917754299 0.218609865470852 0.0694012844416822
4 0.12817638266068762 0.18033975554174436 0.20179372197309417 0.08597472550238244
4 0.1991778774289986 0.42945929148539463 0.17937219730941703 0.08286720530350115
4 0.09454409566517194 0.4765900145017609 0.17937219730941703 0.0839030453697949
4 0.19450672645739916 0.5309716179821835 0.21487294469357246 0.07872384503832612
4 0.10482062780269058 0.581727781230578 0.20739910313901344 0.08286720530350115
4 0.18329596412556054 0.6304122643463849 0.20739910313901344 0.08493888543608871
4 0.1674140508221226 0.731406670810027 0.23542600896860985 0.08183136523720742
4 0.16367713004484305 0.831883157240522 0.24663677130044842 0.0735446447068572
4 0.10762331838565029 0.8795318002900352 0.2167414050822123 0.08183136523720727
4 0.18236173393124075 0.919929562875492 0.2242152466367713 0.0776880049720323
4 0.10762331838565023 0.9691319660244458 0.21300448430493274 0.058007043712450745
