3 0.1600071432344582 0.34836292444659434 0.15195107566936134 0.10606785425123329
3 0.801045131255693 0.1550698431476145 0.16943571492695486 0.10630394347044456
3 0.1588287781172269 0.580508140246271 0.15915123978003257 0.10778884460942355
3 0.6696335659967945 0.45926244722678095 0.16944132578212584 0.10971052265819219
3 0.6724449465627628 0.2186341697640712 0.17011271250087584 0.10779681066462088
3 0.15671079148091543 0.4695171500823007 0.1497530402624019 0.11069421667427361
3 0.16300705623199052 0.23379114505443013 0.16067194404088864 0.11324278533347576
3 0.6658209214830613 0.5826353994195249 0.1744089853603209 0.11516544965574502
3 0.806931739430791 0.27685144778880516 0.17056144406442686 0.11465748086932877
3 0.6639834690521651 0.33396528491772354 0.15872890318455718 0.11879066860846216
3 0.2843842613322852 0.5173405848207349 0.15492765144382356 0.10968127585553915
3 0.7948101026594906 0.639130719779366 0.17208294376664096 0.11660241221255438
3 0.2864304273117818 0.40235763369620103 0.1598489530417951 0.11411025081086855
3 0.6618464516951899 0.7045184147883973 0.167482726777081 0.11733490995474673
3 0.27901398868304195 0.6415472795238696 0.15688604517367924 0.11006106702047078
3 0.2860634551454553 0.2842401631357064 0.16098845272320803 0.1113686949811121
3 0.1533821644804403 0.7013990593075085 0.15202845586254993 0.1066074406900637
3 0.8078334449118029 0.3984881413508973 0.17159083071310957 0.12038583322813082
3 0.7888140143834956 0.7618249261357015 0.16575075158089264 0.1173786094575435
3 0.2909787182316117 0.16703766039841805 0.17063635240221237 0.10692018422375116
3 0.7987161473843014 0.5150954849309548 0.16403027179529847 0.10885864788882846
3 0.2757509257226781 0.763120661913941 0.1585953887802603 0.11129132941170758
