3 0.24227129531395664 0.20189759121882006 0.10441609270606743 0.1433299795929092
3 0.3873012583029055 0.6855816691445663 0.10695544350139838 0.1522565080445978
3 0.857989133997242 0.34619726514602456 0.10190648185013983 0.13790980796642902
3 0.9033195538280764 0.20547084637286953 0.10213135220828154 0.14770135751219607
3 0.5615508445232383 0.7884293971040324 0.10839233019101538 0.14905626784525644
3 0.7901778994620106 0.7772167188704281 0.10146220357170602 0.15239650572361968
3 0.6107411405327454 0.6707131766417636 0.09908725698220944 0.14130329765011912
3 0.3326758935334447 0.7994630069476072 0.10396711066170758 0.13643252796121777
3 0.7953731330601305 0.19738013006646538 0.09823101984928527 0.14660159568615558
3 0.401177045349159 0.31694733829241695 0.098865004042204 0.14330059102832468
3 0.2917339924776161 0.3152929913302708 0.10158582916164931 0.14013743721316213
3 0.6761939864932119 0.7835992376900575 0.09620411400471954 0.1539956678724075
3 0.7259340920457193 0.6643580962724215 0.10183137332970789 0.14708610500455438
3 0.504217608957427 0.6802314108262683 0.0972218344565724 0.15580961629414236
3 0.8405634261866842 0.6614583105249789 0.10552246397218769 0.15439061733639292
3 0.0564516407129111 0.3175374531425168 0.09604829998028211 0.15416885170701372
3 0.515603017481015 0.3176111298291672 0.09749074571987647 0.15229882894610075
3 0.7356465720774743 0.31180513493148737 0.0993149344264683 0.15266625442847007
3 0.888663150272879 0.46221111280501154 0.11214551813043815 0.15108079439856012
3 0.44830969033439827 0.7970237902996251 0.09825639742512818 0.1512272582460412
3 0.16586511871546525 0.31905571976050134 0.09758661340081669 0.15049849711191493
3 0.6251787810387857 0.3145342685716569 0.09827418828173555 0.15269485610482939
3 0.5676005134084641 0.19128414119840204 0.10053176832465817 0.14965082177132233
3 0.45260771851572207 0.19324533180271028 0.10432979377476305 0.15460977426024294
1 0.6804962442705096 0.1938357631187268 0.09998840749300807 0.14897946926510386
1 0.5659908581550555 0.1920498732494132 0.09931133073483141 0.1476827031293792
