3 0.6762064433418582 0.2894439981767596 0.14499763522982062 0.1013604656667573
3 0.6492677697151765 0.854808895094488 0.1350961180545824 0.10381947310538377
3 0.6753055247490716 0.4030933937276647 0.13714059051376823 0.10705665033600062
3 0.7962281094538256 0.7925023564349946 0.15242969187920402 0.10619275061664853
3 0.2023554190391917 0.5619220626954339 0.14744137648509756 0.10612200445977703
3 0.7888265361700357 0.24094398930029812 0.15216180775732202 0.10487241490128767
3 0.6750468209898167 0.059913798546183526 0.1516230972358464 0.10388201197309475
3 0.19200790302635842 0.3366265827413669 0.15070149716774978 0.10725963300914776
3 0.3082072681375683 0.3916172290752214 0.15056377462207468 0.11500085578192976
3 0.32424634240667916 0.605845221975266 0.15750638679538606 0.10421887593953931
3 0.7903984309311939 0.9045465159964458 0.1456642321941564 0.11897576559101149
3 0.6771322344450672 0.7366291660192665 0.14653090404288116 0.10516437082426973
3 0.31276217062911643 0.5028731854084932 0.15680951174064603 0.10181381007467759
3 0.21406747621271108 0.7871845593876242 0.15671137309395144 0.1084674766450435
3 0.3261551108595502 0.7257072870741725 0.1585025530759529 0.10223309011323026
3 0.3297126496319279 0.8369237355670253 0.1584459997613334 0.10998155820288222
3 0.19509420694257112 0.44456611856160655 0.16288880489332258 0.10909451898986171
3 0.6725573005163081 0.5143661356772451 0.1512487437158422 0.10571000767169049
3 0.6706285006262261 0.1645637355730947 0.15346537363368834 0.10631485886274471
3 0.21096409596669835 0.6727029386701755 0.15527655939350213 0.10638279793349906
3 0.6744020744289518 0.6253343467167106 0.15168057428881726 0.11132949060946239
3 0.8032166006319191 0.45152924740959055 0.14272982336480522 0.11939895278997047
3 0.5323590847408824 0.8893501276996582 0.1500711141680388 0.11240771514721876
3 0.8148076580600709 0.5703757832157504 0.1516230972358464 0.10388201197309475
3 0.8106970452050634 0.6799676622296307 0.1516230972358464 0.10388201197309475
6 0.2963378176382661 0.2455976797182515 0.11210762331838565 0.02589600165734408
