3 0.5247170381326717 0.7151347275806649 0.09826189779657395 0.1535783434128013
3 0.8775348746309819 0.7232848026292741 0.10334067525442821 0.15332154415113508
3 0.5191917443142091 0.19427782323862938 0.10294206902579241 0.16874859899683384
3 0.8834211066170757 0.20878592521085867 0.11131477237414543 0.16791034920867784
3 0.4574403828015751 0.32231422390103875 0.10154068818219779 0.15770721435546875
3 0.6995408441651453 0.3312355606010676 0.10349552019402579 0.1612544893683874
3 0.822230422622747 0.33701584478130253 0.10216761672622747 0.16151298215036436
3 0.7585416975193249 0.7147651980276065 0.10470863659979024 0.16334458423836884
3 0.398970599793884 0.19408964148551358 0.10656537233190257 0.1753213651511701
3 0.6399339636784299 0.19952408829077475 0.10606423159279832 0.17359645484274278
3 0.28601472521509863 0.7069959426674608 0.09846393212981665 0.1684850855258548
3 0.5760591553189578 0.3268522852739411 0.1042072682591089 0.16140228750459817
3 0.27585723668318346 0.1913834516243015 0.10696805642212748 0.1680095227844512
3 0.6390309164878224 0.7085459756209711 0.10822523269985239 0.16571031236862388
3 0.4029210424334311 0.7072040232842278 0.10455974723479257 0.15837364025714687
3 0.3330154466362307 0.32129325353511246 0.1046244809166699 0.16653480016597183
3 0.759170219274394 0.19952853164330725 0.10147950129156308 0.1674067664039509
