1 0.17769058295964132 0.10265175056971203 0.30082212257100155 0.18748705199917132
1 0.4841180866965621 0.09643671017194944 0.29334828101644256 0.19370209239693392
1 0.7830717488789238 0.09540087010565568 0.3045590433482811 0.1854153718665838
1 0.3318385650224216 0.2455976797182515 0.2840059790732437 0.1854153718665838
1 0.6392002989536623 0.24352599958566398 0.2858744394618834 0.2082038533250466
1 0.1730194319880419 0.388543608866791 0.3064275037369207 0.1895587321317589
1 0.4813153961136024 0.3849181686347628 0.28400597907324354 0.20716801325875284
1 0.7886771300448431 0.3854360886679097 0.2858744394618834 0.19991713279469647
1 0.08239910313901351 0.5568676196395276 0.16629297458893874 0.18230785166770253
1 0.32623318385650224 0.5226848974518334 0.26905829596412556 0.20923969339134033
1 0.6233183856502242 0.5371866583799462 0.2914798206278027 0.19473793246322763
1 0.17488789237668168 0.6645949865340792 0.2840059790732437 0.19473793246322763
1 0.4719730941704036 0.6754713072301637 0.29521674140508225 0.20820385332504668
1 0.7774663677130045 0.6853117878599544 0.29708520179372194 0.20302465299357775
1 0.07679372197309424 0.8132380360472342 0.1550822122571002 0.2123472135902217
1 0.31782511210762343 0.8065050756163248 0.29334828101644256 0.2030246529935777
1 0.6205156950672647 0.8235964367101719 0.28213751868460396 0.1999171327946964
1 0.7718609865470852 0.937849596022374 0.2858744394618834 0.12181479179614667
1 0.45795964125560545 0.9297700435052827 0.28961136023916295 0.13673088875077688
