3 0.3459836164397509 0.14078496597508156 0.13992408786653937 0.10617006632613424
3 0.6693738928824796 0.38350818318710184 0.1526318879405479 0.10491412289028511
3 0.19519738766109995 0.19675999387144819 0.1512347251310477 0.10821384313760002
3 0.7888754943026556 0.43045576912338795 0.16152844621461604 0.10733523466633
3 0.6624696329570138 0.15479570653143693 0.16163245231046805 0.10672062505765906
3 0.7789560155483639 0.20486330230314587 0.15069381645442123 0.10545760700612278
3 0.20499861935329008 0.7542060392105927 0.15013819638923678 0.11004771439461622
3 0.6907447507028622 0.6040632154276239 0.16241845100984445 0.10689782236880438
3 0.8012642283076128 0.6639232078348353 0.1634219729846903 0.1102881375271908
3 0.6698380542977508 0.2708192473246193 0.15654121706838564 0.10694679464146985
3 0.3173684603430231 0.5910795127626826 0.146441985673434 0.10305867690044282
3 0.31461040856057754 0.25350477978485275 0.16020057233459747 0.11214274897791718
3 0.2031076285871155 0.08804052197614613 0.16182689923342033 0.10932240032720002
3 0.3211628182586533 0.7047773495159065 0.14781859530461744 0.1006225813539077
3 0.7833708006170298 0.31757530653380395 0.15064523465964827 0.10163036320356199
3 0.3206925413533711 0.937574273981316 0.1642975229853472 0.09635679672933499
3 0.32162143724381653 0.4813020183404385 0.1535297616180283 0.10381146911659027
3 0.3190837996957548 0.3663350846768907 0.16147820511206382 0.10842857574216322
3 0.8014977288353069 0.5410044725227237 0.15809077104645458 0.10659219138440024
3 0.6802712342129694 0.49265027090657043 0.15905009043056334 0.10589478221867231
3 0.1905243877872758 0.3127980063315724 0.14726069155295332 0.10907046908988502
3 0.3204212274252032 0.8314452138726499 0.16138666948395458 0.10567670197424642
3 0.19135685565760316 0.42826739892669163 0.14882644516470186 0.10254820449667883
3 0.18947801034012182 0.5481186908842837 0.14512169842228226 0.1063566237521364
3 0.4640941021153745 0.1076141058694805 0.15546088796025434 0.11950538971914572
