4 0.965557113330539 0.2088851809364897 0.06639975717981704 0.22348524350818647
4 0.9197103502102996 0.146678485764939 0.07154523248587161 0.19292939826884975
4 0.8188966135256622 0.1290801960579831 0.08238541922615526 0.1864115131921994
4 0.5713790162891873 0.19100010428616124 0.0845534565742119 0.20596516842215037
4 0.520068799051845 0.09127646261341119 0.09322560596643878 0.17859005110021897
4 0.4702039400465405 0.19165189279382627 0.07443594894994728 0.20205443737616016
4 0.41889372280919823 0.09583898216706645 0.08599881480624967 0.1825007821462092
4 0.37228091982597883 0.18057148816352067 0.0737132698339284 0.21639378454479086
4 0.263879052423143 0.1825268536865158 0.10262043447468457 0.23334028574408178
4 0.16234263662248688 0.17731254562519555 0.06576379955772038 0.20987589946814056
4 0.11970456877737147 0.10431223276671187 0.07732666541402287 0.20726874543748044
4 0.07562114270021825 0.17600896860986548 0.08599881480624973 0.2203045155907811
4 0.029731018833017764 0.10561580978204194 0.06070504574558804 0.2046615914068203
10 0.03840316822524462 0.7000469287725519 0.07515862806596614 0.24637605589738248
10 0.08718400855652073 0.801725935968297 0.10189775535866565 0.2437689018667223
10 0.15041843120817494 0.6948326207112316 0.09972971801060893 0.24898320992804251
10 0.2057033835836212 0.7945562623839817 0.1076791882868169 0.27375117321931386
10 0.2714671831413416 0.7033058713108771 0.10334311359070344 0.25028678694337253
10 0.38637316258834753 0.7104755448951925 0.10334311359070349 0.2515903639587027
10 0.4481622270079639 0.8069402440296173 0.09683900154653333 0.2437689018667223
10 0.5117579892176276 0.7059130253415372 0.10117507624264677 0.2502867869433727
10 0.5721016954052062 0.8115027635832726 0.09033488950236318 0.25028678694337253
10 0.6338907598248226 0.7124309104181875 0.07226791160189049 0.25028678694337253
10 0.6859236561781836 0.8075920325372822 0.099729718010609 0.2685368651579935
10 0.7581915677800742 0.7156898529565127 0.09539364331449557 0.27766190426530407
10 0.8167285761776056 0.8062884555219522 0.08527613569023079 0.25810824903535307
10 0.8806856779452786 0.7137344874335176 0.0845534565742119 0.27375117321931386
10 0.9359706303207249 0.8121545520909376 0.08816685215430646 0.25159036395870255
10 0.9716998858166995 0.7028496193555115 0.05411421220749561 0.24676712900198142
