1 0.13033583447235278 0.8660164392582504 0.2243257834349751 0.2736626868825322
1 0.3665224481918117 0.8184597203549783 0.23299634138051584 0.33570245990838704
1 0.6065381929102411 0.5737225827614822 0.2447364479951639 0.36424320374903657
1 0.11707390191912131 0.5551156356195698 0.22487939819184202 0.37719042311869394
1 0.6165866887369387 0.2060371204342008 0.24052346693647061 0.36281407574367097
1 0.35441298215118083 0.45688801923674854 0.23496615716283403 0.3760025982364945
1 0.1167272170038976 0.18593001472575782 0.21612563349579786 0.3707175618329925
1 0.6010542467116123 0.8794353810126472 0.2370197682591089 0.2454412485986547
1 0.3524084381615619 0.1380559296885948 0.22967589990628884 0.2783540118435573
10 0.873832449782835 0.1805993821178615 0.062125957098154196 0.07815883301112238
10 0.875489860346213 0.3477124424917579 0.06459256889954955 0.07764842818782633
10 0.8799127623974473 0.6801209664093664 0.055746764797080704 0.08286996623226309
10 0.8775886327120024 0.7487922085252714 0.07337677589923865 0.07442772014258688
10 0.8764380855676915 0.2605705165753636 0.06414147668863003 0.07725295996638604
10 0.8732964401292533 0.5139047768083923 0.07580262937480578 0.07614830256577565
10 0.8795786335783703 0.5998878833063824 0.057860380667272344 0.07647827447598243
10 0.878906073564669 0.43329839440875956 0.05631478423059978 0.0811558444080517
10 0.868845722165901 0.09159159583261704 0.061981904707757586 0.07888793149672231
10 0.8138983302767204 0.22744221139816936 0.05938062863993151 0.07809852228533656
10 0.8788613366221255 0.8426679602652921 0.06922805435247048 0.076352722441669
10 0.8196525815777688 0.4781004961097138 0.06847643807780453 0.0749783024125035
10 0.8154313618712917 0.31492646531922464 0.05666525890092244 0.06795909395057771
10 0.8104872848491113 0.14307470696600752 0.05938062863993151 0.07809852228533656
10 0.8169079006372107 0.3942877164485245 0.057860380667272344 0.07647827447598243
10 0.8219666544493432 0.7227891243117011 0.057860380667272344 0.07647827447598243
10 0.8214463254858094 0.6436359279408594 0.057860380667272344 0.07647827447598243
10 0.8173126009421815 0.565786308585348 0.057860380667272344 0.07647827447598243
10 0.8248573709134187 0.8036108992621651 0.057860380667272344 0.07647827447598243
10 0.8313614829575892 0.8883434052586194 0.057860380667272344 0.07647827447598243
10 0.8807060129993599 0.9226014092214936 0.057860380667272344 0.07647827447598243
