10 0.3847735910551973 0.5890957785294195 0.06879773563743008 0.17896537609699062
10 0.1599131335820968 0.5990677452743804 0.06866807860569453 0.178839781893743
10 0.0829063700139587 0.6001023433668197 0.07317871511019558 0.16849664936151204
10 0.7690111045292106 0.578320490405164 0.06588519412290242 0.16368616215316703
10 0.23959767855495454 0.591780778003915 0.07046753460757846 0.17662866019347323
10 0.8446336128388912 0.5691704753541961 0.06884371115599751 0.16321053953983325
10 0.4623866458575073 0.5873235865024173 0.06742055642819686 0.17844832210797365
10 0.539443366097186 0.5797766123465447 0.06320514761934819 0.17045216923871917
10 0.6165847858818932 0.5843247272309651 0.06359396698017013 0.18014728221123527
10 0.6950007678818477 0.5832363796602114 0.06692191930644033 0.1851441592913572
