1 0.39165217540070013 0.41938340396624507 0.23898907193787872 0.3764171514810468
1 0.3911427272040329 0.7905777388089441 0.24934281941301856 0.3594351456304302
1 0.6308136839834039 0.17905570306050939 0.22012262717769188 0.3276640770146665
1 0.6284693308392246 0.5367362702373967 0.23625559596410814 0.36421713380001053
1 0.8675948688893528 0.126818892132541 0.21952498336991141 0.2558799367314497
1 0.3948097963967332 0.11815826588147424 0.23102569105908172 0.23344150626605936
1 0.8739065640901763 0.43600903498217664 0.21418271915300652 0.37134114081549535
1 0.8738950322769382 0.808703880138996 0.21793662783075668 0.3576138073018848
1 0.6398451421629797 0.8634550838727053 0.2367301073186956 0.2857662594371847
10 0.12402488912168631 0.6488307038292371 0.061396216158009775 0.07615760121358936
10 0.11997995433514876 0.23939029495886907 0.06197849597716152 0.07070884103881439
10 0.12911040839408447 0.8229278292344152 0.06289510531057928 0.08281467400746871
10 0.12120799739046498 0.3167635811942874 0.060098507391680565 0.07424047973136332
10 0.17631565541533384 0.2774367281239154 0.05516206075648016 0.08523500135984467
10 0.11771709225950254 0.15809370198629238 0.057452771825869095 0.07497351305590944
10 0.17874457699103596 0.5189779689182938 0.05608565053322711 0.07665455335123168
10 0.1193355317869562 0.07388134511895318 0.0520175014885496 0.06819234922215917
10 0.12323584562024274 0.7319118759532408 0.06126348738716048 0.06503347137670769
10 0.12331007483109352 0.3990253126649839 0.05707587111274855 0.07712039277182843
10 0.1782321441701998 0.4403928859550371 0.058555874406937325 0.07739547743813703
10 0.1310648747436889 0.906086059914029 0.0653586797777502 0.07445181531246738
10 0.18179015383280064 0.5974241712814652 0.05722128800988683 0.07358423643383698
10 0.18257580867316708 0.3554638723273361 0.059986053025267466 0.07257418463931044
10 0.17529504296786078 0.18772674156361618 0.0572032856514263 0.07172557621159338
10 0.12324964683292652 0.48306744637460974 0.055509656884376764 0.08095395625949157
10 0.1863915544057469 0.7625449026746092 0.059986053025267466 0.07257418463931056
10 0.18514854632619437 0.6859988603344276 0.059986053025267466 0.07257418463931044
10 0.19165265837036455 0.850249564266016 0.059986053025267466 0.07257418463931056
10 0.12133652281009599 0.5670703534277354 0.061396216158009775 0.07615760121358936
10 0.1679573827127082 0.10683577206649725 0.05201750148854963 0.06819234922215917
