10 0.4179875497860759 0.7664753953591128 0.18842733066712794 0.06319949551351771
10 0.4011993408203125 0.0851183152974257 0.18327947368536296 0.0646343954310349
10 0.39520486053329945 0.15876430039675507 0.19340214066441283 0.06613308069052497
10 0.4210099532465229 0.8425497430833397 0.19332225440328965 0.06721825655978092
10 0.4084208535506586 0.5385581728388168 0.19237596999369394 0.06324698837593225
10 0.4138050164877032 0.6139767814527171 0.20683521219433154 0.0652521962034843
10 0.40226877323715143 0.46111040133137815 0.20600737156889362 0.06652498215603635
10 0.41830716325563166 0.6924779878928099 0.20343267329605172 0.06523675722983996
10 0.4172551108048101 0.8435627218356704 0.19507951266027887 0.06940899760623834
10 0.39856808923285103 0.23831681748811614 0.19340214066441283 0.06613308069052497
10 0.4112736198756013 0.38934229915374696 0.19340214066441283 0.0661330806905249
