1 0.13625509428871052 0.13118836952337498 0.2594764756514887 0.22602001875361127
1 0.4223836605146148 0.6046996273706979 0.3347952804223304 0.23506398790737645
1 0.1843453508499671 0.36017291738993384 0.31920119144456804 0.2267866685866124
1 0.5294225832450195 0.3586640042845744 0.3412186147920754 0.2346182681522879
1 0.7902808082477928 0.6038783334021196 0.36114241937885394 0.23330403342364572
1 0.12133980363117379 0.5995894914733368 0.2448770783407271 0.22261008481345174
1 0.8069504878980697 0.11984822081808276 0.35234959350038536 0.23034083495012642
1 0.4463455901552209 0.12454890908477763 0.3636993100290341 0.2224337386373706
1 0.848024718964581 0.3553933759443948 0.27216958358148824 0.23086591475198104
10 0.8180808051641033 0.8714720111765523 0.07011641657762302 0.06066070107759741
10 0.6510533673524501 0.8732510841927569 0.07532226380033182 0.06124591531036372
10 0.7289611519897644 0.8708429709956689 0.0689835256168837 0.06191878143936451
10 0.3178589340460853 0.8778855454385812 0.0728023112800267 0.05819203321647776
10 0.8564915792468062 0.8153314521304317 0.08144354713337304 0.05701467554737678
10 0.3991362567439742 0.8722481451988813 0.07341325015765135 0.06488678187150404
10 0.7663155115238754 0.8129843993786579 0.08552387049379905 0.06261235931187849
10 0.2403129184192606 0.8746286300934197 0.0686378136878591 0.06532316996193287
10 0.27352863363086377 0.8237111605495455 0.07134997791238964 0.06178844160289776
10 0.908114605776754 0.8713426449690542 0.07315793343901796 0.05884775336000621
10 0.10990832774984823 0.8255585140388699 0.07315793343901796 0.05884775336000621
10 0.18427305121771076 0.8212079857604361 0.07315793343901796 0.05884775336000621
10 0.07963926945388411 0.8802508695391806 0.07315793343901796 0.05884775336000621
10 0.15587245331038646 0.8779720213933343 0.07315793343901796 0.05884775336000621
10 0.48247932924461656 0.8756931732474879 0.07315793343901796 0.05884775336000621
10 0.3516871020398335 0.8239011699327998 0.07315793343901796 0.05884775336000621
10 0.4297887462849756 0.8216223217869536 0.07315793343901796 0.05884775336000621
10 0.5078903905301176 0.8203793137074011 0.07315793343901796 0.05884775336000621
10 0.5953343367184585 0.8181004655615549 0.07315793343901796 0.05884775336000621
10 0.6846467432954392 0.8210008177471774 0.07315793343901796 0.05884775336000621
10 0.5624494338783985 0.8765218453005229 0.07315793343901796 0.05884775336000621
