10 0.138835994703863 0.7030264679091928 0.07510245105655686 0.1874715351737668
10 0.22245707965326872 0.6960969591354575 0.07201105263605112 0.19703017435800868
10 0.7264874673467604 0.6742698772071188 0.072225718856821 0.1950119771230381
10 0.8083027234501242 0.6719349061427095 0.07371848173360783 0.2009592783290709
10 0.894364797379972 0.6639456642048241 0.07561622368318831 0.20374144139311237
10 0.3051594982538407 0.6938829293700077 0.07212946235651996 0.19964811727070486
10 0.4744768350149549 0.6851875407813376 0.07173409945035736 0.19604868525346833
10 0.39034000489191656 0.6854829317785699 0.0741222469313238 0.19164512189514435
10 0.6422696300290844 0.6751003864100161 0.06909699377767635 0.19281724322537136
4 0.8284290439486012 0.251235705320076 0.06041668689791796 0.1333695142258443
10 0.5599051946979403 0.68340930944688 0.06932159860064467 0.19850138163887332
