10 0.8605465411843536 0.30262510116884267 0.07952186674564947 0.18664559334382883
10 0.2735368888890598 0.328605450956301 0.0812277215989648 0.1920060983153202
10 0.7759353196827529 0.3064177697412736 0.07125431532590118 0.1839569160221938
10 0.10535110942730248 0.3342895489910594 0.07389941550397665 0.18723565687513138
10 0.19113104462680452 0.33089411018762244 0.07453236600639955 0.1939222737812675
10 0.6940280490255349 0.30918199171399857 0.06771480733374767 0.19316657027856116
4 0.17215439758693352 0.7509371496636771 0.059609071151894615 0.13923788712163676
10 0.355732957497378 0.3273829900630386 0.07547905579940957 0.18318321672790253
10 0.4371793415773612 0.31924234911999894 0.0779570679697211 0.1849893133736512
10 0.5219627555813976 0.31642932893834796 0.07659005496426351 0.18712494512309943
10 0.6061878258654704 0.31457924949748634 0.07367777898490917 0.19108550751690373
