10 0.6932867760080927 0.8550891485030492 0.2090552633653307 0.06988301582407551
10 0.6885184728511246 0.7731649091778666 0.2064245249658422 0.06823616667961466
10 0.6661438364619097 0.18604280461132933 0.21223980001269968 0.06960218392817258
10 0.6796110692045614 0.5194974321990075 0.21813075317930214 0.07319761552449114
10 0.6668536267473024 0.26933755157451733 0.2142294297838425 0.06987286858709796
10 0.6680161172499036 0.35288197272604777 0.21473437253669772 0.07113196051142984
10 0.682970141081532 0.6930237385410192 0.22535325807306264 0.07681204236909571
10 0.660144155870104 0.10134703717371037 0.21232827361923695 0.07021901265221993
10 0.675545628295351 0.4344302806297098 0.21525546360443526 0.07155243545826212
10 0.6804464194806702 0.6038651830887779 0.22417607328816913 0.06992899134264294
4 0.2512370339067171 0.17114245326024594 0.15378183955034333 0.05206656352268975
