4 0.6417082884921087 0.6246434621295253 0.2105011191603314 0.07504335051371193
4 0.552112083263996 0.27462503019514256 0.22070114067317123 0.07909757947240133
4 0.6205441085747004 0.12023335913829435 0.21805791469967417 0.0730892582070094
4 0.6268061992833434 0.3248726872645082 0.20303932041687095 0.08487240048652113
4 0.6369362333608494 0.5282763348174979 0.2089376977028157 0.08618609150028488
4 0.5510272209954369 0.17305224544887884 0.22654515424651414 0.08142602895638304
4 0.6490735964924765 0.9231587866954435 0.2247934042071013 0.076009898544321
4 0.5819785284889119 0.8732959090589069 0.2189231838346062 0.07542314167864356
4 0.6352243010060492 0.7257881867902877 0.21609848318969535 0.08685329287892324
4 0.5572994728259443 0.37852920269852525 0.20303932041687095 0.08487240048652113
4 0.6384310016717611 0.42966436050633156 0.2089376977028157 0.08618609150028488
