4 0.4392891785489069 0.6208992075520023 0.22217775353401764 0.07335799876913067
4 0.34262058446225563 0.07033165765149464 0.21750950492550974 0.06967075601581314
4 0.35614703909698625 0.5728230781626301 0.22198330661106536 0.07866521234316734
4 0.366338618667671 0.6762807595944685 0.22905768834956558 0.07349785993823803
4 0.44549370667325006 0.8243399984179162 0.22719656084685047 0.07595360508759322
4 0.4302666326274786 0.7262018653011381 0.22006954312859095 0.07654187929711777
4 0.4108746618433384 0.12185587388080717 0.23551540631349846 0.07691635975858452
4 0.3549185098553987 0.4726045275416116 0.23654400607395598 0.07898696510594701
4 0.34921659803176675 0.27317732294721586 0.2120228241377347 0.07866121034877058
4 0.3600536682858774 0.3734466413644522 0.2120228241377347 0.07866121034877058
4 0.3739073543805178 0.8776439969426534 0.21182654684434557 0.081463611666796
