4 0.6739781303184665 0.6238832802951044 0.07135661605955601 0.19795249249144736
4 0.5736488100679025 0.6314239398519891 0.08691588331261653 0.20023178305861125
4 0.621993914237298 0.550099932099423 0.08409347202260721 0.1912550306106362
4 0.2716337802177969 0.6455500828783459 0.07839377849571744 0.19505901935389222
4 0.07012816761649862 0.6546878215977964 0.07808553720572634 0.19653149249842347
4 0.821854980588726 0.5584036592075158 0.07513643955873213 0.1911495533759284
4 0.7254419539193825 0.5579863407152116 0.08149411027812305 0.19761596132286996
4 0.4717436311926825 0.6396171903197492 0.08702171804595245 0.2033786517087654
4 0.8781783651595381 0.6220695419224003 0.08211003366837792 0.20418712326751562
4 0.12444759818089812 0.5844880347829229 0.08272126211447331 0.19670005764127313
4 0.37195558233836035 0.6340556147200731 0.08131843979422389 0.2015647717120936
