19 0.8587060542640552 0.38153501998546513 0.12394537192341934 0.309825986726327
19 0.07422700392046715 0.35793505441982115 0.1280058818696225 0.30026684748217664
19 0.38646268058226707 0.35442521129786775 0.14909716523753105 0.31547046883758406
19 0.47025639074175785 0.4582926190947452 0.13256926978130826 0.30748875365663536
19 0.3034208930332858 0.45193264553775375 0.14084268194166602 0.30391094395932533
19 0.7020202360597456 0.37707305941620023 0.12203662746659401 0.3121813675548949
19 0.22815017097007018 0.3656807272013291 0.12245149750404685 0.3050396273091135
19 0.7830270972345554 0.4731504126228622 0.12394537192341934 0.309825986726327
19 0.6234505625661704 0.462170566976947 0.12203662746659401 0.31218136755489506
19 0.5477716055366706 0.37258875448346485 0.12203662746659394 0.31218136755489506
