19 0.5468066319578255 0.4598770916079151 0.32807894993256026 0.1288636126378962
19 0.6497039224713017 0.07565410433038805 0.332552306855206 0.12685738534494687
19 0.5374056384167863 0.30017320922573376 0.3345776545092664 0.13670727508715616
19 0.6361286180436344 0.8591946383947068 0.3610594197773613 0.13369346983763206
19 0.6329580058965982 0.6887203490781023 0.36537471480433714 0.13172410925846798
19 0.5246714661830567 0.7763923121852018 0.36335863874632146 0.1261289796894422
19 0.6636264042647609 0.38706022823279207 0.35925457188901344 0.13638895531483064
19 0.6371277722186216 0.5369882150938082 0.34328744657371074 0.14014309159415778
19 0.6580742178832825 0.22183228961572354 0.32180036878371987 0.13760181566882088
19 0.5314641362348479 0.615514173205407 0.3610440925632357 0.13492373222886886
