0 0.14872944693572498 0.36627304744147504 0.09715994020926752 0.045576962916925576
0 0.34398355754858 0.38336440853532217 0.08781763826606867 0.05075616324839449
0 0.13284753363228705 0.42686969131966024 0.1027653213751868 0.052827843380981974
0 0.3309043348281017 0.44033561218147915 0.08408071748878923 0.05075616324839442
0 0.11322869955156957 0.48435881499896416 0.11584454409566522 0.045576962916925576
0 0.3140881913303439 0.5009322560596644 0.11023916292974606 0.04764864304951313
0 0.65695067264574 0.6842759477936606 0.08594917787742908 0.05386368344727578
0 0.6933856502242154 0.5216490573855397 0.09155455904334836 0.04143360265175061
0 0.7139387144992527 0.46778537393826397 0.11771300448430493 0.05386368344727571
0 0.7279521674140509 0.41288585042469444 0.10837070254110621 0.043505282784338094
0 0.897982062780269 0.4216904909881914 0.08968609865470852 0.04454112285063184
0 0.8951793721973094 0.47710793453490785 0.0952914798206278 0.043505282784338094
0 0.875560538116592 0.5335612181479179 0.07847533632286996 0.04454112285063184
