0 0.5157327243557316 0.11604442590468245 0.057091650165493536 0.09255396808843465
0 0.5742697327532629 0.13233913859630828 0.04697414254122883 0.09907185316508499
0 0.6328067411507943 0.14537490874960896 0.052755575469380096 0.09646469913442487
0 0.4998337838033156 0.305714881635207 0.048419500773266594 0.09125039107310462
0 0.5623455273389509 0.32722390238815313 0.05058753812132338 0.08212535196579414
0 0.6154624423663405 0.34482219209510895 0.04408342607715323 0.08603608301178434
0 0.47959876855478634 0.6922254666805715 0.048419500773266594 0.08994681405777448
0 0.5366904187202798 0.7124309104181875 0.052755575469380096 0.0938575451037648
0 0.5890846546316504 0.7215559495254981 0.04480610519317211 0.09385754510376468
0 0.46406116756037985 0.8766816143497758 0.044806105193172185 0.078214620919804
0 0.52332085507393 0.8968870580873918 0.05058753812132338 0.09776827614975488
0 0.5739083931952534 0.9047085201793722 0.040470030497058676 0.08733966002711442
0 0.31302123231242857 0.6576806757743247 0.05203289635336118 0.08864323704244445
