0 0.6859236561781837 0.3396078840337887 0.05492361281743675 0.09907185316508503
0 0.42395247662133057 0.09192825112107623 0.0498648590053045 0.10167900719574513
0 0.4781534103227485 0.0971425591823965 0.04986485900530443 0.09907185316508499
0 0.5323543440241664 0.1212587339660027 0.04986485900530443 0.09516112211909476
0 0.41238961076502806 0.2692147252059652 0.05420093370141786 0.10950046928772554
0 0.466590544466446 0.2796433413286057 0.05131021723734226 0.10689331525706543
0 0.520068799051845 0.2978934195432266 0.05131021723734226 0.09646469913442485
0 0.3816757483342246 0.6544217332359996 0.05203289635336115 0.097768276149755
0 0.43985141717374654 0.6641985608509751 0.0498648590053045 0.1068933152570653
0 0.49441369043317385 0.6883147356345812 0.05203289635336122 0.09776827614975488
0 0.36939020336190315 0.8499582855355093 0.05058753812132338 0.0951611221190947
0 0.4261205139693873 0.8603869016581499 0.0498648590053045 0.09776827614975488
0 0.48393484325089975 0.8779851913651058 0.04697414254122883 0.09646469913442497
