0 0.302946399012851 0.15287748028080303 0.11511722394438258 0.05756211912021725
0 0.5267854455713726 0.17456755415218922 0.10985042284888791 0.055893651899341354
0 0.5185090438498812 0.2402634509741763 0.11586962410088184 0.05130536704193277
0 0.2796219941613748 0.22170175314193233 0.10909802269238869 0.05172248384715173
0 0.26532639118788937 0.2892746755874047 0.10909802269238872 0.049219783015837924
0 0.4933036386071568 0.30721069821182023 0.09705962018840104 0.04588284857408617
0 0.7382098895476571 0.29573998606829865 0.10684082222289096 0.05714500231499825
0 0.7261714870436693 0.3679011933711797 0.10684082222289108 0.05714500231499825
0 0.21412556053811665 0.4926455355293143 0.11584454409566522 0.0600787238450383
3 0.9269431988041854 0.7231199502796768 0.06913303437967123 0.04661280298321939
