3 0.7235029702111667 0.07432996141412035 0.04480610519317211 0.06387527375117319
0 0.294954254411956 0.2574825320679946 0.06070504574558805 0.09125039107310462
0 0.3708355615939411 0.27508082177495047 0.05203289635336115 0.10037543018041505
0 0.1749895211528177 0.47126916258212537 0.056368971049474616 0.0938575451037648
0 0.24111466026854755 0.4758316821357806 0.057091650165493536 0.11080404630305563
0 0.3036264038041828 0.502555010950047 0.05347825458539898 0.09646469913442485
0 0.4904389552950698 0.7769579726770257 0.0498648590053045 0.09776827614975488
0 0.28700478413574804 0.7326363541558035 0.06070504574558805 0.09776827614975488
0 0.222325003252056 0.7137344874335176 0.04986485900530443 0.09907185316508503
0 0.15403182678826946 0.7006987172802169 0.06070504574558805 0.10428616122640524
