3 0.07492526158445445 0.27874456183965196 0.06913303437967123 0.04661280298321939
0 0.7830717488789238 0.5133623368551895 0.10276532137518693 0.0600787238450383
0 0.2757847533632287 0.6304122643463849 0.10089686098654709 0.058007043712450745
0 0.26270553064275043 0.7065465092189767 0.10089686098654709 0.04868448311580687
0 0.5028026905829598 0.6935985083903045 0.08781763826606867 0.05179200331468816
0 0.4757100149476833 0.7609281126993993 0.11210762331838565 0.05593536357986326
0 0.4654334828101645 0.8261860368759064 0.1251868460388638 0.060078723845038366
0 0.7372944693572497 0.7117257095504455 0.11584454409566534 0.05904288377874456
0 0.7045964125560538 0.7800911539258338 0.11771300448430493 0.054899523513569595
0 0.6933856502242154 0.8484565983012223 0.12144992526158437 0.06111456391133218
