11 0.29387023573792764 0.5370998018562937 0.06287308309364477 0.10037543018041505
11 0.5811351843554424 0.4999478569193868 0.060705045745588014 0.09907185316508489
11 0.6429242487750589 0.38979559912399625 0.059982366629569135 0.10298258421107523
11 0.7654183589402632 0.18839295025550112 0.057814329281512415 0.10167900719574513
11 0.824316706895804 0.08997288559808114 0.05853700839753144 0.10298258421107519
11 0.9522309104311503 0.3161434977578475 0.05564629193345577 0.10428616122640524
11 0.8955005998236663 0.4191260819689227 0.06504112044170138 0.10950046928772547
11 0.8326275167300213 0.521456877672333 0.06793183690577705 0.1134112003337158
11 0.7733678292164712 0.6276984044217333 0.06215040397762585 0.11732193137970601
11 0.7104947461228265 0.7385024507247889 0.060705045745588083 0.11992908541036605
