11 0.31693910024591354 0.044237053669881114 0.09764212353536811 0.05362978407746747
11 0.41910169246347456 0.10212714769742776 0.11029943584550844 0.06315282984823271
11 0.5239765658903515 0.1625233064014916 0.09945031100824538 0.056637061689288073
11 0.6293034861854477 0.224172497443814 0.12024446694633299 0.05864191343050182
11 0.7386988282945176 0.2868241143567433 0.11120352958194699 0.057639487559894946
11 0.08775133805872994 0.17480302331642572 0.11301171705482425 0.059143126365805224
11 0.18539346159409809 0.23519918202048956 0.12386084189208739 0.06565889452474988
11 0.3888145522927817 0.3527336153491449 0.10577896716331552 0.06716253333066023
11 0.49685375379719376 0.4156358387297259 0.10849124837263131 0.06164919104232245
11 0.5355007473841555 0.7034389890200954 0.11584454409566534 0.06525792417650714
