2 0.7337794292681512 0.17047467635702931 0.05588295061979267 0.10447422212128095
2 0.14957761198362704 0.5884169884169885 0.05588295061979267 0.10447422212128091
2 0.24685749121839354 0.5827844651374063 0.05588295061979267 0.10447422212128099
2 0.339057102214997 0.5726095843742903 0.05588295061979267 0.10447422212128099
2 0.43053096060614854 0.5658414717238247 0.05588295061979267 0.10447422212128099
2 0.5241820768136559 0.561344537815126 0.05588295061979291 0.10447422212128099
2 0.2426190960025547 0.23206904383374977 0.0558829506197927 0.10447422212128095
2 0.33191569657735087 0.22757210992505114 0.05588295061979273 0.10447422212128095
2 0.42266380236305046 0.2253463547581195 0.05588295061979273 0.10447422212128095
2 0.5148634133596542 0.22084942084942089 0.05588295061979328 0.10447422212128098
