2 0.170071105365223 0.2643559448070726 0.11958629605688435 0.051640089234074184
2 0.5651906916612799 0.4703999008510286 0.11797026502908864 0.0650665124349335
2 0.22178409825468645 0.4869247294059324 0.13574660633484165 0.0630009088655705
2 0.5692307692307692 0.567999669503429 0.11312217194570129 0.06196810708088908
2 0.22420814479638007 0.5778112864579029 0.12120232708468008 0.05886970172684453
2 0.5756948933419522 0.6635338345864662 0.1228183581124758 0.0650665124349335
2 0.22824822236586936 0.6666322399405106 0.12605042016806722 0.05886970172684466
2 0.5886231415643179 0.7554531934231182 0.12928248222365868 0.07332892671238542
2 0.24198448610213313 0.7590679996695033 0.1405946994182288 0.06196810708088908
2 0.588623141564318 0.8494381558291333 0.13897866839043319 0.0650665124349335
