2 0.47214561500275787 0.4322280263456734 0.06386622927976307 0.12832159890983422
2 0.5668563300142248 0.4339314104019986 0.06749499230702241 0.1317283670224847
2 0.6608412924202397 0.4259822848058143 0.059511713647052 0.13399954576425163
2 0.7533747496153511 0.40894844424256194 0.06459198188521494 0.11583011583011586
2 0.8495369698377218 0.4123552123552124 0.05660870322524458 0.1226436520554168
2 0.7584550178535141 0.7638201226436522 0.0573344558306965 0.11242334771746544
2 0.6677359421720324 0.7689302748126279 0.05733445583069638 0.1158301158301159
2 0.5770168664905507 0.77290483761072 0.05878596104160021 0.11015216897569836
2 0.48666066711179495 0.7746082216670452 0.06386622927976314 0.11128775834658185
2 0.2642174935408018 0.8217351805587102 0.0703980027288298 0.10788099023393147
