1 0.8079143211525618 0.2473189373603268 0.14430874916515607 0.09256443145603849
1 0.09114111248926629 0.40500905809079246 0.16339089781509397 0.09454795498723934
1 0.2640730846293292 0.4145960884915964 0.16339089781509392 0.09388678047683903
1 0.6218633718156664 0.4109596286843949 0.15146455490888278 0.09190325694563828
1 0.7685573895620648 0.41856313555399804 0.13238240625894482 0.08595268635203569
1 0.9039213815475622 0.42881134046520236 0.1264192348058393 0.07735741771683219
1 0.5878732945329643 0.5901379210028693 0.1407308462932926 0.08925855890403707
1 0.7345673122793626 0.5984026023828728 0.13596030913080817 0.08463033733123512
1 0.8741055242820341 0.6043531729764754 0.1240339662245969 0.07669624320643187
1 0.18476290430302447 0.7927879084405538 0.15981299494323056 0.09388678047683903
0 0.7977769296822821 0.7666715152797428 0.10495181757465895 0.061489229467225605
