1 0.2505094887767933 0.19034831577849626 0.08599881480624974 0.1290541245176765
1 0.43262462601355745 0.08801752007508605 0.0845534565742119 0.138179163624987
1 0.607151632532123 0.12386588799666286 0.08816685215430646 0.14208989467097718
0 0.7672250567303105 0.19751798936281156 0.06576379955772026 0.1251433934716863
1 0.41997774148322664 0.22619668370007298 0.08961221038634429 0.11210762331838565
1 0.6010088600459623 0.26465220565230996 0.0845534565742119 0.12644697048701636
1 0.5912526919797071 0.406090311815622 0.08961221038634415 0.13557200959432678
1 0.41419630855507533 0.3728490979247054 0.09683900154653333 0.13426843257899676
1 0.7939641840230102 0.8121545520909376 0.10045239712662773 0.16816143497757846
1 0.41744836457716045 0.7352435081864637 0.10912454651885468 0.1577328188549379
1 0.40371746137280123 0.9053603086870372 0.10189775535866565 0.15121493377828765
