0 0.2075859491778775 0.23575719908846074 0.11771300448430493 0.06422208411021336
1 0.8064275037369208 0.20364615703335404 0.1718983557548579 0.09944064636420136
1 0.12630792227204785 0.3957944893308473 0.13826606875934233 0.08597472550238237
1 0.26270553064275043 0.39993784959602235 0.1420029895366219 0.08597472550238244
1 0.40564275037369213 0.4087424901595194 0.1438714499252615 0.08493888543608864
1 0.09267563527653215 0.5672260203024653 0.1307922272047832 0.08286720530350115
1 0.23000747384155457 0.577066500932256 0.14387144992526163 0.09011808576755748
1 0.3729446935724963 0.5853532214626062 0.14573991031390135 0.09011808576755748
1 0.7326233183856503 0.5796561010979905 0.15508221225710006 0.09529728609902632
1 0.9091928251121077 0.5915682618603687 0.16068759342301933 0.0942614460327326
1 0.1907698056801196 0.7521234721359022 0.14760837070254107 0.0839030453697949
