0 0.8207033113157096 0.029356554385233078 0.0397473513810398 0.05735738867452288
0 0.805165710321303 0.11995515695067266 0.047696821657247784 0.08212535196579417
0 0.9001980140777891 0.22684847220773804 0.04697414254122876 0.08473250599645431
0 0.8814083570612976 0.33113463343414334 0.042638067845115465 0.07691104390447391
0 0.7719224709844335 0.285509437897591 0.04769682165724764 0.07951819793513402
11 0.6671339991616921 0.28681301491292105 0.04625146342521002 0.06387527375117323
1 0.515371384797722 0.34677755761810414 0.05203289635336115 0.10037543018041512
1 0.40191076358275396 0.325920325372823 0.06648647867373929 0.09255396808843465
1 0.39287727463251765 0.521456877672333 0.07009987425383377 0.0899468140577746
1 0.6136557445762932 0.4660548545208051 0.06504112044170152 0.09385754510376468
1 0.6089583303221703 0.56382313067056 0.05420093370141779 0.0834289289811241
1 0.7079653692167605 0.8688601522577953 0.05420093370141786 0.08342892898112422
1 0.6104036885542081 0.7658775680467201 0.052755575469380096 0.07560746688914383
1 0.607874311648142 0.8466993429971842 0.054923612817436816 0.07821462091980387
1 0.5977568040238773 0.9229585983939931 0.04914217988928555 0.07691104390447386
1 0.5059765562894762 0.741761393263114 0.05203289635336115 0.07951819793513402
1 0.500917802477344 0.8258421107519033 0.05636897104947465 0.08342892898112422
1 0.4983884255712778 0.9047085201793722 0.04986485900530443 0.07169673584315363
0 0.40335612181479175 0.8616904786734801 0.04914217988928555 0.0743038898738138
8 0.2385852833624814 0.7730472416310357 0.05203289635336118 0.06126811972051305
8 0.23388786910835851 0.8545208050891646 0.054200933701417896 0.06778600479716343
8 0.14680503562808042 0.7463239128167692 0.04769682165724773 0.057357388674522974
8 0.14572101695405207 0.8193242256752529 0.04986485900530445 0.059964542705183026
8 0.056470146125717255 0.7521900093857545 0.04625146342520994 0.05605381165919283
8 0.05683148568372671 0.8258421107519033 0.05275557546938008 0.059964542705183026
