0 0.22851873282221902 0.09741574610557549 0.08317662375235063 0.04370576795845947
0 0.32977723130334147 0.11766474869183423 0.08173007377404892 0.04330479761021673
0 0.03034138579487921 0.17861224162473183 0.06292492405612614 0.03448344994887629
0 0.1178576594821351 0.1950520259026845 0.07739042383914366 0.036087331341847266
0 0.28095616953565744 0.22592674271737603 0.07956024880659623 0.04170091621724575
11 0.2856574569651381 0.3335872812205537 0.06581802401272961 0.030874716814691592
1 0.4700925791986113 0.38370857475089715 0.09764212353536818 0.05332905631628537
1 0.562310140315348 0.39032458549690247 0.08968609865470858 0.04972032318210068
1 0.8642774482858382 0.2898815132620942 0.08606972370895412 0.05332905631628541
1 0.7615723998264139 0.38751779305920325 0.09619557355706647 0.05132420457507163
1 0.8458339360624909 0.3909260410192666 0.0795602488065963 0.055734878405741935
1 0.9253941848690873 0.3991459331582429 0.07811369882829446 0.05292808596804264
1 0.347497468537538 0.4845526173339481 0.09547229856791555 0.056937789450470074
1 0.7420439751193403 0.49156959842819614 0.08606972370895412 0.05332905631628537
1 0.8248589613771156 0.4947773612141381 0.0795602488065963 0.05332905631628545
1 0.9058657601620136 0.4991880350448084 0.08100679878489801 0.05012129353034342
1 0.3221828439172573 0.5948194631007037 0.1055981484160278 0.0513242045750717
1 0.5181903659771445 0.6034403255879227 0.08534644871980326 0.0565368191022274
0 0.8592145233617821 0.5956214037971891 0.06581802401272968 0.03849315343130372
8 0.7709749746853755 0.7584153651837446 0.05424562418631562 0.04250285691373129
8 0.8505352234919717 0.7614226427955652 0.05424562418631562 0.042903827261973955
8 0.7445754375813683 0.8500370897572123 0.05062924924056135 0.03809218308306098
8 0.816179661507305 0.8526433970207903 0.056415449153768185 0.03849315343130365
8 0.7518081874728771 0.9386515367188596 0.06075509908867357 0.03969606447603207
8 0.8219658614205121 0.9398544477635877 0.057861999132070026 0.04049800517251754
