1 0.29097951927385196 0.13233913859630828 0.0570916501654935 0.0756074668891438
1 0.4022721031407634 0.07432996141412035 0.0628730830936448 0.08212535196579417
1 0.39432263286455543 0.15319637084158935 0.05564629193345577 0.07300031285848368
1 0.390709237284461 0.23923245385337366 0.059982366629569135 0.08082177495046411
1 0.5001951233613251 0.0912764626134112 0.060705045745588014 0.08473250599645428
1 0.4980270860132683 0.1766607571175305 0.054923612817436816 0.0756074668891438
1 0.492968332201136 0.2561789550526645 0.057814329281512485 0.08082177495046405
1 0.39034789772645145 0.4367243716758786 0.06504112044170145 0.08473250599645431
1 0.3831211065662624 0.5286265512566483 0.060705045745588083 0.08342892898112422
1 0.6028155578360096 0.47387631661278556 0.060705045745588083 0.08082177495046411
1 0.4871868992729848 0.6485556366670143 0.05925968751355018 0.09907185316508489
1 0.5952274271178112 0.6726718114506205 0.06287308309364473 0.09776827614975488
0 0.5966727853498489 0.13559808113463342 0.038301993149001956 0.0664824277818333
8 0.7639730007082255 0.14407133173427886 0.04914217988928555 0.07300031285848364
8 0.7621663029181782 0.22945562623839816 0.04841950077326666 0.06648242778183333
8 0.8521398528625319 0.18383043070184588 0.043360746961134344 0.05866096568985297
8 0.8496104759564658 0.2535718010220044 0.04263806784511533 0.059964542705183026
8 0.9370546489947533 0.17405360308687037 0.04263806784511533 0.06517885076650325
8 0.9428360819229047 0.24640212743768905 0.04408342607715323 0.06648242778183333
11 0.3339789266769769 0.7117791219105225 0.041915388729096476 0.0664824277818334
0 0.11609117319727694 0.6661539263739701 0.04697414254122885 0.0743038898738138
0 0.22666107794816945 0.7163416414641777 0.04697414254122883 0.06778600479716343
0 0.19630855507537545 0.8786369798727709 0.044083426077153195 0.07691104390447386
0 0.09585615794874759 0.7684847220773803 0.04552878430919103 0.06517885076650325
0 0.1739055024787894 0.9692355824382105 0.04263806784511543 0.05214308061320262
