8 0.1730194319880419 0.05759270768593329 0.07473841554559052 0.04764864304951315
8 0.24495515695067271 0.0575927076859333 0.06913303437967111 0.0435052827843381
8 0.18142750373692082 0.1471928734203439 0.07286995515695067 0.04039776258545682
8 0.2542974588938715 0.14978247358607832 0.06539611360239155 0.04143360265175058
8 0.1449925261584455 0.23575719908846074 0.07100149476831083 0.043505282784338094
8 0.22720478325859494 0.24041847938678268 0.07100149476831095 0.05075616324839446
0 0.13565022421524664 0.40408120986119744 0.08968609865470852 0.04661280298321939
1 0.4813153961136024 0.3963124093639942 0.09715994020926765 0.045576962916925645
1 0.6681614349775786 0.4082245701263725 0.10837070254110621 0.06525792417650714
1 0.6522795216741405 0.515951937020924 0.09902840059790724 0.06111456391133211
1 0.0842675635276533 0.49834265589392995 0.08408071748878923 0.052827843380981974
1 0.1692825112107624 0.5050756163248394 0.08594917787742895 0.05593536357986326
1 0.258034379671151 0.5092189765900145 0.09902840059790737 0.05593536357986326
1 0.07118834080717495 0.5977833022581314 0.0878176382660688 0.054899523513569456
1 0.15246636771300454 0.6091775429873627 0.08594917787742895 0.05697120364615701
1 0.2309417040358745 0.6128029832193909 0.09342301943198808 0.05593536357986326
1 0.4374065769805681 0.6091775429873627 0.0952914798206278 0.06525792417650714
1 0.530829596412556 0.6190180236171535 0.0952914798206278 0.0642220841102134
1 0.12630792227204785 0.7091361093847109 0.08221225710014952 0.05386368344727578
11 0.7130044843049329 0.665112906567226 0.06352765321375195 0.03418272218769422
0 0.7139387144992527 0.7728402734617774 0.07286995515695067 0.040397762585456805
0 0.8802316890881914 0.8044333954837374 0.07286995515695067 0.03729024238657551
0 0.9674887892376681 0.8176921483322975 0.06053811659192825 0.03894758649264544
0 0.6662929745889388 0.8810855603894758 0.07473841554559052 0.045576962916925715
0 0.7709267563527654 0.9018023617153511 0.07100149476831108 0.03936192251916299
