18 0.3751716362900545 0.8049848785066221 0.040470030497058745 0.059964542705183026
18 0.504169858499429 0.5520909375325895 0.03396591845288852 0.059964542705183026
18 0.6454536256811251 0.38718844509333616 0.04191538872909644 0.06387527375117323
18 0.6703860551837773 0.34221503806444886 0.0397473513810398 0.059964542705183026
18 0.42286845794730216 0.2138127020544374 0.03757931403298308 0.0508395035978726
18 0.39902004711867833 0.26725935968297004 0.033243239336869644 0.05083950359787254
18 0.28013933253356843 0.43281364062988836 0.0368566349169642 0.05605381165919283
18 0.23894662292049082 0.49994785691938676 0.0397473513810398 0.059964542705183026
18 0.13271279286571175 0.6739753884659505 0.031075201988812924 0.05344665762853265
18 0.08862936678855854 0.7476274898320993 0.031075201988812924 0.06517885076650325
