5 0.5468079263445444 0.2340181457920534 0.031075201988812924 0.07300031285848364
5 0.45105294347203956 0.2698665137136302 0.028907164640756208 0.07691104390447386
5 0.4647838466763987 0.36046511627906974 0.027461806408718373 0.06517885076650332
3 0.3509618859034211 0.483653144227761 0.031075201988812924 0.06387527375117323
0 0.058276843915764515 0.5990197100844719 0.048419500773266656 0.078214620919804
0 0.15872924104239236 0.56251955365523 0.04697414254122885 0.08082177495046405
0 0.06803301198201975 0.6831004275732611 0.04769682165724775 0.07951819793513402
0 0.7842080159567547 0.22554489519240797 0.040470030497058676 0.08473250599645425
1 0.7903507884429156 0.33178642194180835 0.06142772486160697 0.09907185316508503
0 0.8293754607079363 0.541662321409949 0.042638067845115465 0.07821462091980387
11 0.5500599823666296 0.7391542392324537 0.03757931403298308 0.06126811972051305
