0 0.31338978623361924 0.06545101281022403 0.08163176455222262 0.04525514852739746
0 0.3977426096042492 0.05700338508510984 0.07836649397013361 0.04525514852739746
0 0.43964691540772344 0.15837491778648016 0.08816230571640042 0.04525514852739748
3 0.5142039270320867 0.3526703554641066 0.060951717532326165 0.030773500998630274
11 0.2595128216291523 0.5490777000730116 0.07618964691540774 0.03620411882191796
5 0.6339305150420131 0.4646014228218696 0.08054334102485954 0.027756491096803785
5 0.7259023031041838 0.45102487826365045 0.0794549174974967 0.021119069312785507
5 0.7656297618529322 0.5442504842300893 0.08054334102485966 0.03137690297899558
1 0.6589642561713613 0.7901367912289488 0.09578127040794117 0.06456401189908705
0 0.7705276677260655 0.7822925654841999 0.08163176455222262 0.04887556040958929
0 0.4472658800992642 0.8302630229232412 0.07727807044277064 0.043444942586301605
