1 0.33570246854456 0.20785388017643472 0.09578127040794111 0.06094360001689526
0 0.5457682093256128 0.16682254551159434 0.08272018807958559 0.05128916833105045
0 0.22794853933562625 0.21569810592118363 0.07618964691540774 0.04404834456666687
5 0.2323022334450781 0.45011977529310243 0.08925072924376332 0.03017009901826498
5 0.36726675083808613 0.5333892485835138 0.08707388218903746 0.026549687136073117
5 0.2709412686664635 0.546965793141733 0.07292437633331884 0.024739481194977295
11 0.7395075971962211 0.44891297133237185 0.05877487047760024 0.03620411882191796
3 0.48372806826592357 0.6462254189118247 0.07183595280595581 0.030170099018265048
0 0.5626387739997388 0.8396157536189033 0.07945491749749657 0.04284154060593631
0 0.5991009621663982 0.9397804823595431 0.0761896469154078 0.047668756448858554
0 0.6888959031738431 0.9313328546344288 0.07292437633331879 0.0452551485273975
