2 0.4631522872557465 0.14688480502017034 0.0268244397092382 0.05506819491579689
2 0.491404845022744 0.19284753793942497 0.0268244397092382 0.055068194915796904
2 0.5170127397198169 0.24073125440225393 0.0268244397092382 0.055068194915796814
2 0.5463987245167822 0.28221169238650184 0.0268244397092382 0.055068194915796786
2 0.6010979129830287 0.37299737465582383 0.0268244397092382 0.05506819491579688
2 0.6278392347100694 0.42152141896651085 0.0268244397092382 0.05506819491579688
2 0.5601660848407912 0.5399052314785169 0.0268244397092382 0.05506819491579676
2 0.5313694820994092 0.4943010821540628 0.0268244397092382 0.05506819491579688
2 0.5044619244079732 0.4486969328296088 0.0268244397092382 0.05506819491579688
2 0.4783099847365159 0.40245245565729654 0.0268244397092382 0.05506819491579693
2 0.4521580450650587 0.3555676506371262 0.0268244397092382 0.05506819491579693
2 0.4226058243036979 0.3118844848562464 0.0268244397092382 0.055068194915796814
2 0.3949426485922836 0.2662803355317923 0.0268244397092382 0.055068194915796904
2 0.36992413595079415 0.21875520266376386 0.0268244397092382 0.05506819491579688
2 0.4954776261504284 0.6531023884228726 0.0268244397092382 0.05506819491579676
2 0.4681922594490033 0.6081385669462763 0.0268244397092382 0.05506819491579676
2 0.44015127472759963 0.5625344176218223 0.0268244397092382 0.05506819491579676
2 0.41324371703616386 0.5169302682973681 0.0268244397092382 0.05506819491579676
2 0.38558054132474945 0.47196644682077216 0.0268244397092382 0.055068194915796696
2 0.32995949887412906 0.3802586924505346 0.0268244397092382 0.05506819491579676
2 0.35858986565111606 0.4287827367612217 0.0268244397092382 0.05506819491579676
2 0.30334663221048486 0.3338733431516936 0.026824439709238136 0.055068194915796696
20 0.23426425473394685 0.5724915156560159 0.03727463692554142 0.06445540116539654
20 0.1132822535551828 0.9469424345264777 0.03727463692554147 0.06445540116539654
20 0.24618790708920824 0.8789268105269898 0.03727463692554142 0.06445540116539654
20 0.1954783817684484 0.8006659409617725 0.03727463692554142 0.06445540116539654
20 0.3295174623324416 0.7332906448101429 0.037274636925541386 0.06445540116539654
20 0.2822082181015853 0.6518281360056349 0.03727463692554142 0.06445540116539654
20 0.14686947454322888 0.7214829992956393 0.03727463692554142 0.06445540116539654
20 0.1010714663523296 0.6387398347954153 0.03727463692554149 0.06445540116539654
