2 0.4235967608413564 0.369045301175171 0.05591473003669401 0.03299105117736812
2 0.2853573300716408 0.45180213617056375 0.05591473003669401 0.03299105117736812
2 0.19068670277826333 0.5072889603694998 0.05591473003669401 0.03299105117736812
2 0.2410449065175609 0.48029815662501546 0.05591473003669401 0.03299105117736812
2 0.1481216145378298 0.5357849808239515 0.05591473003669401 0.03299105117736812
2 0.37674869594360416 0.39574946136024536 0.05591473003669401 0.03299105117736812
2 0.6560794378736363 0.5027256489873843 0.05591473003669401 0.03299105117736812
2 0.21967585497689807 0.6291466134483152 0.05591473003669401 0.03299105117736812
2 0.3553527182522065 0.5461622889299474 0.05591473003669401 0.03299105117736812
2 0.26540848975803716 0.6007871543122616 0.05591473003669401 0.03299105117736812
2 0.31066791176243125 0.57613716029527 0.05591473003669401 0.03299105117736812
2 0.40240358862570663 0.5190792048886248 0.05591473003669401 0.03299105117736812
2 0.45019807907694875 0.49343204282887454 0.05591473003669401 0.03299105117736812
2 0.4920774098188789 0.4657905446836071 0.05591473003669401 0.03299105117736812
2 0.541561945901353 0.4376504625169603 0.05591473003669401 0.03299105117736812
2 0.4267064448028234 0.641112629961418 0.05591473003669401 0.03299105117736812
2 0.3815484255363032 0.6673182061251132 0.05591473003669401 0.03299105117736812
2 0.4707490339527303 0.6132517548467439 0.05591473003669401 0.03299105117736819
2 0.5176985015883566 0.5856102567014763 0.05591473003669401 0.03299105117736812
2 0.5629579235927508 0.5579687585562088 0.05591473003669401 0.03299105117736812
2 0.6090623684127608 0.5303272604109414 0.05591473003669401 0.03299105117736812
2 0.33554538345416696 0.6945209503315667 0.05591473003669401 0.03299105117736812
20 0.7279194106037475 0.6676643417440231 0.06567545967808897 0.03555799833557457
20 0.6379751821095782 0.8967936146090865 0.06567545967808897 0.03555799833557457
20 0.7187255623698452 0.8472144195231305 0.06567545967808897 0.03555799833557457
20 0.7994759426301121 0.8021224806295882 0.06567545967808897 0.03555799833557457
20 0.8793813000747631 0.7530418695650116 0.06567545967808897 0.03555799833557457
20 0.5705761623360441 0.7652870931300868 0.06567545967808897 0.03555799833557457
20 0.6496364969650792 0.7172036501082687 0.06567545967808897 0.03555799833557457
20 0.9460366997705548 0.8856053891693354 0.06567545967808897 0.03555799833557457
