20 0.2620828236938669 0.29837312878881606 0.08911410099598113 0.055672398861808706
20 0.8471256334090512 0.6291290362489174 0.08911410099598113 0.055672398861808775
20 0.33484186615411504 0.7103901191801724 0.08911410099598113 0.055672398861808636
20 0.4341254586755199 0.6442224421625633 0.08911410099598113 0.055672398861808636
20 0.14200594094006636 0.5976432017815169 0.08911410099598113 0.055672398861808775
20 0.24653153940241126 0.5345684358117861 0.08911410099598113 0.055672398861808706
20 0.3405731259828762 0.4704626994927626 0.08911410099598113 0.055672398861808706
20 0.050200943561069314 0.4269763701595943 0.08911410099598113 0.055672398861808706
20 0.1529792067097676 0.3649325745391563 0.08911410099598113 0.055672398861808636
20 0.7244976410973267 0.9248319518330653 0.08911410099598113 0.055672398861808775
20 0.8185392276777913 0.8648500969112128 0.08911410099598113 0.055672398861808775
20 0.9230648261401363 0.8038372716400676 0.08911410099598113 0.055672398861808775
20 0.5226105189585882 0.8149923708194152 0.08911410099598113 0.055672398861808775
20 0.6271361174209332 0.7529485751989772 0.08911410099598113 0.055672398861808775
20 0.7299143805696312 0.6939976906264176 0.08911410099598113 0.055672398861808775
