20 0.8016017842660179 0.07839960726558663 0.05575831305758318 0.08345606283750615
20 0.7062478275981925 0.6580756013745706 0.05575831305758318 0.08345606283750615
20 0.6478247016568185 0.561512027491409 0.05575831305758318 0.08345606283750621
20 0.8167796315606535 0.47476681394207176 0.05575831305758318 0.08345606283750615
20 0.7540117020044027 0.37206676485027 0.05575831305758318 0.08345606283750621
20 0.9251390337156762 0.2804123711340206 0.05575831305758318 0.08345606283750612
20 0.8652676399026764 0.18262150220913104 0.05575831305758318 0.08345606283750615
20 0.6953278878461361 0.27015218458517426 0.05575831305758318 0.08345606283750615
20 0.6311116904182599 0.16254295532646046 0.05575831305758318 0.08345606283750615
20 0.5964111922141121 0.8585174275895926 0.055758313057583525 0.08345606283750615
20 0.5379880662727379 0.7521354933726068 0.05575831305758318 0.08345606283750615
20 0.4723236009732361 0.6518900343642612 0.05575831305758332 0.08345606283750615
20 0.4298314216197428 0.9419243986254296 0.05575831305758311 0.08345606283750615
20 0.3663393581276792 0.8441335297005401 0.05575831305758325 0.08345606283750615
20 0.30067489282817716 0.7402061855670105 0.05575831305758262 0.08345606283750615
