20 0.27868250917351045 0.07052868159511733 0.09435610693692126 0.05154851746463771
20 0.4723222086318364 0.17859499360798384 0.09435610693692126 0.051548517464637726
20 0.07710990739122833 0.19387397418450247 0.09435610693692126 0.05154851746463769
20 0.17814083522627988 0.13079920821477173 0.09435610693692126 0.05154851746463774
20 0.1627293377599161 0.36501505216709973 0.09435610693692126 0.05154851746463769
20 0.2620129302813209 0.30400222689595435 0.09435610693692126 0.05154851746463745
20 0.3735278699982527 0.24195843127551653 0.09435610693692126 0.051548517464637726
20 0.16066748208981302 0.3637985071549343 0.09435610693692126 0.05154851746463769
20 0.6624672374628691 0.29078518701802136 0.09435610693692126 0.051548517464637726
20 0.5677966101694916 0.35245783331271396 0.09435610693692126 0.05154851746463769
20 0.7387209505504106 0.6955853849643284 0.09435610693692126 0.0515485174646379
20 0.8414992136991091 0.6345725596931833 0.09435610693692126 0.05154851746463776
20 0.9390354709068671 0.5694358530248671 0.09435610693692126 0.05154851746463769
20 0.6486632884850604 0.5228566126438204 0.09435610693692126 0.05154851746463769
20 0.7531888869474052 0.45978184667408967 0.09435610693692126 0.05154851746463769
20 0.8542198147824567 0.39876902140294457 0.09435610693692126 0.05154851746463769
