2 0.6636542694936856 0.33981345115365735 0.04489630402039164 0.08345606283750615
2 0.5864036612211797 0.2211585665193913 0.0448963040203924 0.08345606283750615
2 0.5468080176109372 0.15650466372115862 0.04489630402039164 0.08345606283750615
2 0.5064882400648825 0.10044182621502211 0.04489630402039164 0.08345606283750615
2 0.46906499826207854 0.04192439862542957 0.04489630402039164 0.08345606283750615
2 0.5707044374927589 0.5136475208640158 0.0448963040203924 0.08345606283750615
2 0.4521781948789252 0.3189003436426117 0.0448963040203924 0.08345606283750615
2 0.37565172054223184 0.19901816396661762 0.0448963040203924 0.08345606283750615
2 0.3346078090603641 0.12700049091801677 0.0448963040203924 0.08345606283750615
2 0.5694878924805935 0.5115856651939127 0.0448963040203924 0.08345606283750615
2 0.2595296025952963 0.061119293078056046 0.0448963040203924 0.08345606283750615
2 0.14607229753215176 0.2370152184585175 0.0448963040203923 0.08345606283750615
2 0.18902792260456522 0.17849779086892498 0.0448963040203924 0.08345606283750615
2 0.05486038697717522 0.29965635738831625 0.041594253273085545 0.08031418753068234
2 0.02829915421156289 0.3405498281786942 0.041594253273085545 0.08031418753068234
2 0.2450469238790406 0.29430535100638205 0.041594253273085545 0.08031418753068234
2 0.3966226393233691 0.5499754540991656 0.041594253273085545 0.08031418753068234
2 0.35775112964893985 0.4865488463426608 0.041594253273085545 0.08031418753068234
2 0.3167072181670721 0.4194403534609722 0.041594253273085545 0.08031418753068234
2 0.2814563781717066 0.3572410407461955 0.041594253273085545 0.08031418753068234
2 0.26410612906963266 0.6469317623956801 0.041594253273085545 0.08031418753068228
2 0.22813115513845433 0.5859597447226315 0.041594253273085545 0.0803141875306824
2 0.18708724365658666 0.5213058419243987 0.041594253273085545 0.08031418753068234
2 0.15473293940447216 0.4529700540009819 0.041594253273085545 0.08031418753068234
2 0.07895956436102411 0.959057437407953 0.041594253273085566 0.08031418753068228
2 0.2124319314100335 0.8735395189003439 0.041594253273085545 0.08031418753068228
2 0.17211215386397855 0.8162493863524792 0.041594253273085545 0.08031418753068228
2 0.13541304599698745 0.7417771232204223 0.041594253273085406 0.08031418753068228
2 0.09436913451511982 0.686941580756014 0.041594253273085545 0.08031418753068228
2 0.05984242845556704 0.6198330878743249 0.04159425327308551 0.08031418753068228
2 0.04370872436565857 0.9103583701521848 0.041594253273085545 0.08031418753068228
2 0.011817865832464374 0.8457535591556212 0.0248522766770942 0.07550319096710832
