2 0.34944958937620135 0.33703451688729436 0.07513541848680763 0.04639366571817395
2 0.5500786300891143 0.6028392923419522 0.07513541848680763 0.04639366571817382
2 0.1338983050847458 0.6634809682873521 0.07513541848680763 0.04639366571817402
2 0.1964878560195703 0.6261804610499402 0.07513541848680763 0.04639366571817389
2 0.3202341429320286 0.5435172584436472 0.07513541848680763 0.04639366571817395
2 0.5121265070767081 0.4309559157078642 0.07513541848680763 0.04639366571817395
2 0.03653678140835227 0.5318054352756816 0.07513541848680763 0.04639366571817395
2 0.09737899702953005 0.49038104664109866 0.07513541848680763 0.04639366571817395
2 0.15822121265070774 0.4510185987051012 0.07513541848680763 0.04639366571817395
2 0.22081076358553203 0.41371809146768934 0.07513541848680763 0.04639366571817395
2 0.5253014153416043 0.8109097282362159 0.07513541848680763 0.04639366571817361
2 0.5861436309627818 0.7746401913480968 0.07513541848680763 0.04639366571817389
2 0.6487331818976063 0.7363087137613922 0.07513541848680763 0.04639366571817389
2 0.3566136641621529 0.716534702461957 0.07513541848680763 0.04639366571817375
2 0.4226978857242707 0.6812961359231308 0.07513541848680763 0.04639366571817361
2 0.4817927660318015 0.6367788362406698 0.07513541848680763 0.04639366571817389
2 0.33644941464267014 0.9706276547486494 0.07513541848680763 0.04639366571817389
2 0.3011881880132798 0.9477607324013362 0.07513541848680763 0.04639366571817389
2 0.2397169316791893 0.8516949152542372 0.07513541848680763 0.04639366571817361
2 0.17475100471780558 0.8051156748731907 0.07513541848680763 0.04639366571817375
2 0.06260702428796096 0.7441028496020453 0.07513541848680763 0.04639366571817375
2 0.29818277127380755 0.7562889191306859 0.07513541848680763 0.04639366571817361
2 0.9635680587104668 0.9241308919955463 0.07513541848680763 0.04639366571817361
2 0.45303162676917724 0.8455915707864241 0.07513541848680763 0.04639366571817361
2 0.6239559671500966 0.9423172089570704 0.07513541848680763 0.04639366571817361
2 0.6882928533985675 0.9019237906717803 0.07513541848680763 0.04639366571817361
2 0.8085444696837326 0.828539321209122 0.07513541848680763 0.04639366571817361
2 0.747073213349642 0.8664996494700812 0.07513541848680763 0.04639366571817361
2 0.8778088415166873 0.7900222689595447 0.07513541848680763 0.04639366571817361
2 0.9386510571378651 0.7485978803249619 0.07513541848680763 0.04639366571817361
2 0.9160754848855497 0.9579673388593346 0.07513541848680763 0.04639366571817361
2 0.8492748558448369 0.9872159676687698 0.06133146950899891 0.027114520186399274
