2 0.06156505352755478 0.254233445593822 0.07428383668069348 0.042916671021106884
2 0.6370164379631121 0.28197376223376197 0.07642759342783505 0.04231104421499582
2 0.1206599338350857 0.21074711626065368 0.07428383668069348 0.042916671021106884
2 0.15735397542166626 0.011763371685430329 0.06093419488443279 0.02474328838302611
2 0.08683152216288588 0.04129682965089653 0.07428383668069348 0.042916671021106884
2 0.028610309512178213 0.07756636653901562 0.052826559029112104 0.043658969672597664
2 0.3108049626661184 0.09612383282628523 0.07428383668069348 0.04291667102110686
2 0.24758637101838116 0.1340841610872444 0.07428383668069348 0.04291667102110686
2 0.1808731087433507 0.17410643004678916 0.07428383668069348 0.042916671021106884
2 0.37514184891458957 0.06088526628745888 0.07428383668069348 0.04291667102110686
2 0.4080266995174202 0.22874785855930516 0.07428383668069348 0.042916671021106884
2 0.4671215798249513 0.1873234699247223 0.07428383668069348 0.04291667102110685
2 0.5419424779553025 0.15208490338589595 0.07428383668069348 0.042916671021106884
2 0.3483027784969765 0.26567721647097164 0.07428383668069348 0.042916671021106884
2 0.44059702976379467 0.39539390581898604 0.07428383668069348 0.042916671021106946
2 0.5119232572668523 0.3591243689308669 0.07428383668069348 0.042916671021106884
2 0.5745128082016768 0.31666900994699126 0.07428383668069348 0.04291667102110691
2 0.6982590951141354 0.24637745153221127 0.07428383668069348 0.042916671021106884
2 0.677920112063288 0.4550046114150931 0.07428383668069348 0.042916671021106946
2 0.8016663989757464 0.3764652902059709 0.07428383668069348 0.042916671021106946
2 0.8694979558515108 0.33916478296855923 0.07428383668069348 0.042916671021106946
2 0.4906407131466358 0.570287715873009 0.07428383668069348 0.042916671021106946
2 0.7681525076600031 0.1515281793972779 0.07428383668069348 0.042916671021106946
2 0.9408241833545687 0.2575325507115589 0.07428383668069348 0.04291667102110691
2 0.825185532297431 0.19033390334465713 0.07428383668069348 0.04291667102110698
2 0.7014392453849724 0.05443139190088628 0.07428383668069348 0.042916671021106974
2 0.6609360128146422 0.026409617807109202 0.07428383668069348 0.04291667102110694
2 0.9632250220755192 0.4709434130151591 0.07428383668069348 0.042916671021106946
2 0.9038156214115319 0.509934711625411 0.07428383668069348 0.042916671021106946
2 0.8423443650774415 0.5478950398863702 0.07428383668069348 0.042916671021106946
2 0.7843677793706444 0.5858553681473295 0.07428383668069348 0.042916671021106946
2 0.6512557751770395 0.6619615993321206 0.07428383668069348 0.042916671021107015
