2 0.40958955115878704 0.43763857282281216 0.09545071002134344 0.047700199767620896
2 0.8314205523618718 0.40900348746863596 0.0912573116341817 0.04862749605573297
2 0.706845659079011 0.25237232403163495 0.09657529850596006 0.05076771757028399
2 0.5946649610381766 0.09700281138547726 0.09210960152222938 0.04931379350722561
2 0.48878471138551066 0.39282230275100743 0.0952143089058473 0.04789841552140359
2 0.09475467434592666 0.16836973699453048 0.09545071002134344 0.047700199767620896
2 0.1713229077899247 0.12282146696277667 0.09545071002134344 0.04770019976762091
2 0.2478911412339225 0.07521125623243723 0.09545071002134344 0.047700199767620875
2 0.7813153192419158 0.20610009374763652 0.09210960152222938 0.04931379350722561
2 0.5031744840156359 0.14405629812719858 0.09210960152222938 0.04931379350722561
2 0.4329665511133119 0.18510953743603603 0.09210960152222938 0.049313793507225576
2 0.36450595352463455 0.23234859884063006 0.09210960152222938 0.04931379350722561
2 0.2942980206223108 0.27752571954663857 0.09210960152222938 0.049313793507225576
2 0.9103036120953145 0.36365298252655526 0.09210960152222938 0.04931379350722561
2 0.6304154415553878 0.2964543351596536 0.09210960152222938 0.049313793507225714
2 0.37330417982998276 0.6851179664162217 0.0912573116341817 0.048627496055733244
2 0.4533670839012743 0.6406006667337601 0.0912573116341817 0.048627496055732904
2 0.6015760652047862 0.546596790285247 0.0912573116341817 0.04862749605573297
2 0.6781442986487842 0.5031104609520786 0.0912573116341817 0.04862749605573297
2 0.7529651967791354 0.4575621909203247 0.0912573116341817 0.04862749605573297
2 0.8709802238628325 0.6127644673028563 0.0912573116341817 0.048627496055733244
2 0.9492957926204774 0.5651542565725169 0.0912573116341817 0.04862749605573331
