2 0.5662582551268683 0.04403534609720177 0.05141350944270652 0.0859106529209622
2 0.2080436797590083 0.20520373097692687 0.051413509442706486 0.08591065292096219
2 0.6111545591472599 0.12626411389297987 0.05141350944270638 0.0859106529209622
2 0.6859720773954352 0.6224840451644575 0.05141350944270645 0.08591065292096224
2 0.6379475147723322 0.5435444280805106 0.05141350944270673 0.08591065292096219
2 0.5454900938477582 0.38807069219440354 0.05141350944270652 0.08591065292096224
2 0.49963793303209364 0.3238586156111929 0.05141350944270652 0.08591065292096219
2 0.45642161974278767 0.24202258222876777 0.05141350944270652 0.08591065292096219
2 0.4098453249913105 0.16308296514482085 0.05141350944270652 0.0859106529209622
2 0.3637324759587534 0.08983799705449193 0.05141350944270652 0.0859106529209622
2 0.1221034642567489 0.8278350515463919 0.05141350944270633 0.08591065292096213
2 0.07743888309581747 0.7472263132056947 0.05141350944270654 0.08591065292096213
2 0.28042810798285256 0.7022091310751104 0.051413509442706486 0.08591065292096224
2 0.23431525895029548 0.6314187530682377 0.051413509442706486 0.08591065292096224
2 0.18747827598192565 0.5581737849779087 0.051413509442706486 0.08591065292096219
2 0.14136542694936852 0.4763377515954835 0.0514135094427063 0.08591065292096219
2 0.09597671185262428 0.40063819342169854 0.05141350944270645 0.08591065292096219
2 0.44022998493801413 0.5901325478645066 0.05141350944270624 0.08591065292096213
2 0.3919447340980188 0.5095238095238097 0.05141350944270638 0.08591065292096213
2 0.297314911366006 0.3614138438880708 0.051413509442706 0.08591065292096213
2 0.25409859807670027 0.2844869906725578 0.05141350944270628 0.08591065292096213
2 0.17105491831769198 0.9022091310751107 0.0514135094427063 0.08591065292096213
