19 0.8998505231689089 0.5278640977833023 0.07847533632286996 0.03521856225398796
19 0.75 0.6333126165320074 0.07847533632286996 0.03521856225398782
19 0.7328101644245143 0.5927076859332919 0.07847533632286996 0.03521856225398796
19 0.7137518684603887 0.5500310752019888 0.07847533632286996 0.03521856225398796
19 0.6928251121076235 0.5094261446032733 0.07847533632286996 0.03521856225398796
19 0.5261584454409568 0.6241972239486224 0.07847533632286996 0.035218562253988096
19 0.35388639760837076 0.6871762999792832 0.07847533632286996 0.03521856225398789
19 0.3404334828101645 0.6486430495131552 0.07847533632286996 0.03521856225398782
19 0.09155455904334836 0.5914646778537394 0.07847533632286996 0.03521856225398796
19 0.31726457399103136 0.6016159105034182 0.07847533632286996 0.03521856225398796
19 0.2982062780269058 0.5620468199709965 0.07847533632286996 0.03521856225398796
