19 0.4087762151849336 0.09453540515173638 0.03396591845288852 0.06778600479716343
19 0.47401968577912035 0.8992074251746793 0.03396591845288852 0.06778600479716343
19 0.4886756182519838 0.6923036813014914 0.03396591845288852 0.06778600479716343
19 0.44479454232731586 0.7122223380957349 0.03396591845288852 0.06778600479716343
19 0.40380418286672354 0.7269266868286577 0.03396591845288852 0.06778600479716343
19 0.36498186075418787 0.7533632286995515 0.03396591845288852 0.06778600479716343
19 0.39553673377946713 0.31833350714360203 0.03396591845288852 0.06778600479716348
19 0.3783947851474988 0.5233601001147148 0.03396591845288852 0.06778600479716343
19 0.43713414369751535 0.2982062780269058 0.03396591845288852 0.06778600479716343
19 0.31375836501076787 0.3559286682657212 0.03396591845288852 0.06778600479716343
19 0.3551534247763307 0.33413286056940245 0.03396591845288852 0.06778600479716343
