19 0.9017189835575488 0.4071887300600787 0.07847533632286996 0.030039361922519183
19 0.24551569506726456 0.3655479593950694 0.07847533632286996 0.030039361922519183
19 0.47122571001494784 0.3756991920447483 0.07847533632286996 0.030039361922519183
19 0.6950672645739913 0.4355707478765278 0.07847533632286996 0.030039361922519183
19 0.6778774289985056 0.39496581727781227 0.07847533632286996 0.030039361922519183
19 0.6644245142002992 0.35436088667909676 0.07847533632286996 0.030039361922519183
19 0.6453662182361735 0.3127201160140874 0.07847533632286996 0.030039361922519183
19 0.3011958146487294 0.4886057592707686 0.07847533632286996 0.030039361922519183
19 0.28400597907324354 0.44800082867205293 0.07847533632286996 0.030039361922519183
19 0.10052316890881909 0.47058214211725713 0.07847533632286996 0.030039361922519183
19 0.2720478325859491 0.40511704992749126 0.07847533632286996 0.030039361922519183
