19 0.7361498547414977 0.18383043070184585 0.0845534565742119 0.17859005110021897
19 0.5730267246737104 0.6899833142142039 0.08455345657421205 0.17859005110021905
19 0.6744041510688423 0.6447231202419439 0.0845534565742119 0.17859005110021897
19 0.7844537268562012 0.5864271561163833 0.0845534565742119 0.17859005110021892
19 0.6155491638602627 0.24004067160287823 0.08455345657421162 0.17859005110021897
19 0.5109630421900069 0.2834237146730628 0.08455345657421198 0.17859005110021897
19 0.40348620405567526 0.3320210658045677 0.0845534565742119 0.17859005110021897
19 0.30468151531357035 0.37670768589008236 0.08455345657421173 0.17859005110021897
19 0.1986500354112768 0.4240014600062571 0.08455345657421198 0.17859005110021897
19 0.4662725656553977 0.7346699342997186 0.08455345657421205 0.17859005110021905
