19 0.27236169549916356 0.4873910622984967 0.18871610153950918 0.08203125
19 0.1838710297383535 0.2665626615971197 0.18103587573953808 0.07899265514537368
19 0.23693313940758126 0.38401053780128375 0.18792163523857902 0.08580871544097653
19 0.42112956025675274 0.8006334986428876 0.1781185475165534 0.07964606133953542
19 0.6462084851457399 0.3236353502575843 0.19543621251401344 0.07701798386274471
19 0.5937084488804565 0.20149552444258856 0.1887433176083415 0.06443662388566268
19 0.32515543779450146 0.591901666559441 0.17740179498099426 0.08376735689626709
19 0.7432293400101597 0.5313345729526783 0.179003659919773 0.07276107569967759
19 0.3718589816927375 0.694657766129972 0.1899364112203966 0.08098473794864822
19 0.693266727464616 0.42693960925968183 0.18858877960341927 0.0783853382705679
