19 0.40134984174651417 0.7950837376548904 0.18757718347113228 0.06510869340914388
19 0.8172990944353454 0.7341882149724207 0.17402991051096553 0.08171746329241765
19 0.7196667932074166 0.5111854036377408 0.18015559585639715 0.08034214282939714
19 0.625212528245866 0.3030241497412018 0.1827385735618694 0.0861286094575435
19 0.34903190168030057 0.6742504966266412 0.1923306041768848 0.08234075021121426
19 0.5785469089388313 0.19893921732976613 0.1822002051657091 0.08380350761342448
19 0.30130752426626434 0.5719059576078406 0.18190813278403517 0.08563315875786591
19 0.673062859094731 0.40411079174395004 0.18471920543721973 0.07908870301089574
19 0.7595459463350441 0.6154471824745571 0.1839440178978069 0.07865849809664387
19 0.25184507327229455 0.4651598696237472 0.18767073763860181 0.08503449074298865
