19 0.4875482780878554 0.7079406875131377 0.07930128288387585 0.1861902074428952
19 0.3818247850227237 0.7480697973961252 0.07948264340720167 0.1687446902151065
19 0.2640363220252777 0.8057638604544738 0.0774819117439986 0.16945815834763872
19 0.8012479849673709 0.5686427402923995 0.07710807615366687 0.16380258739796455
19 0.6944585009492502 0.6195183313480942 0.07595588110336389 0.16841570251191143
19 0.590938987755642 0.6685057498948991 0.07806897207844546 0.1870741224075112
19 0.42897962072063855 0.30925120565438496 0.07449916837559578 0.18324959619983364
19 0.3237651590237045 0.3445040955137244 0.08226647622989822 0.18166406058409823
19 0.5310797262317896 0.26529458869745515 0.07449916837559578 0.18324959619983364
19 0.20400277591705154 0.41004794784452014 0.08226647622989822 0.18166406058409823
