19 0.09854332428133743 0.3314829863143604 0.09856789667511762 0.18503013633478999
19 0.7606177577409715 0.08625182199902634 0.097780431396236 0.17547100304849778
19 0.3754846334214856 0.23340912318017434 0.09300761256795206 0.18616895364370828
19 0.4482263543719799 0.7175942486047038 0.09322508523811038 0.17537351885605992
19 0.2447306496202036 0.2718055283634175 0.09558867632069398 0.17975742102376785
19 0.6300350278464363 0.13451631981824202 0.09995503391642294 0.19542094720223538
19 0.5781732444724377 0.6696575176114499 0.0931241257629705 0.173888390425051
19 0.5069023590243117 0.1861031586055586 0.09450728919959626 0.177058245378715
19 0.7033648874121788 0.6213649217735766 0.0961152209634092 0.1769681755088557
19 0.31866259492425925 0.766605411155995 0.09354056807524797 0.1829858434660145
19 0.17302593646432715 0.8199711921307029 0.09438880462491257 0.17666598809579007
19 0.8370240872170651 0.5791760679522325 0.09649242195447609 0.18073818308663298
