19 0.581323957584732 0.16110999416844163 0.17143335540499816 0.09678036756699834
19 0.6710822447824902 0.4189552470116989 0.1780379660405462 0.09842530538688962
19 0.6213226544750904 0.2928309785022134 0.18285874726156806 0.09807236633611234
19 0.7667900334479901 0.6771817677867498 0.18428591946112297 0.09939814244500254
19 0.28198289729721115 0.7512466880821623 0.17779744768001207 0.10010752867100076
19 0.10498830331185452 0.23742993996077855 0.17510623818689003 0.10055709637072419
19 0.3438802430467011 0.8986783808633487 0.1714931680469909 0.09676916019598804
19 0.23949950243669732 0.6232282108838536 0.18347418131389676 0.10119722042297177
19 0.1460075236923263 0.3669303824190933 0.18996821666683572 0.09839432212852874
19 0.19341521447065677 0.4918464357952378 0.17934856924175863 0.09970921684257375
19 0.7218850698952152 0.5494573676574024 0.19438683031574555 0.09969726438318603
