20 0.34580729545124245 0.040271301398897834 0.04868478418834469 0.05934718100890208
20 0.3593227728527829 0.36413734633319206 0.04781281790437436 0.06655362441712595
20 0.3010463595407643 0.29186095803306483 0.04868478418834469 0.05934718100890208
20 0.4915709925882865 0.3206867316659601 0.04868478418834469 0.05934718100890208
20 0.3442086905972968 0.14497668503603223 0.04868478418834469 0.05934718100890208
20 0.17998837378288032 0.6377702416278085 0.04781281790437436 0.06655362441712595
20 0.1263624473187036 0.5584993641373462 0.04781281790437441 0.06655362441712595
20 0.3227001889260281 0.5777871979652395 0.04781281790437436 0.06655362441712595
20 0.27125417817177727 0.5059347181008902 0.04781281790437436 0.06655362441712595
20 0.21617497456764997 0.4256040695209835 0.04781281790437436 0.0665536244171262
20 0.4081528847551227 0.4501907587961001 0.04781281790437436 0.06655362441712587
20 0.14888824298793774 0.8435777871979654 0.04781281790437436 0.06655362441712578
20 0.09235576224385983 0.7664264518863927 0.047812817904374375 0.06655362441712595
20 0.2494550210725184 0.701992369648156 0.04781281790437436 0.06655362441712595
