20 0.04451038575667656 0.6504245645358856 0.06358626536668084 0.04671247949841179
20 0.139950342154666 0.6535802520397782 0.06358626536668084 0.04671247949841179
20 0.32017198570822997 0.5072560051487534 0.06358626536668084 0.04671247949841185
20 0.6366499121903955 0.8166379471422344 0.06358626536668084 0.04671247949841191
20 0.6957548598074245 0.7450536674486683 0.06358626536668084 0.046712479498411674
20 0.4263307696966029 0.7845412834513256 0.06358626536668084 0.04671247949841179
20 0.5005753043056987 0.7264517200573006 0.06358626536668084 0.04671247949841179
20 0.5778477563132078 0.677704652562958 0.06358626536668084 0.046712479498411674
20 0.29479803790952597 0.6995453318662155 0.06358626536668084 0.046712479498411674
20 0.3660146551202084 0.6393796582722611 0.06358626536668084 0.04671247949841179
20 0.4493429419245444 0.5906325907779185 0.06358626536668084 0.046712479498411674
20 0.7714527947677587 0.9069902630431624 0.06358626536668084 0.04671247949841191
20 0.559559135226791 0.8686237465484667 0.06358626536668084 0.04671247949841191
20 0.8457578877248229 0.8499802769531007 0.06358626536668084 0.04671247949841191
