17 0.19648306932131954 0.15472657905892326 0.0770236884173812 0.09537939805002119
17 0.1595698299665746 0.2640949554896142 0.0770236884173812 0.09537939805002119
17 0.8618660078476964 0.6726367104705383 0.07891294869931706 0.12568885120813897
17 0.732233686964104 0.545040271301399 0.06496148815579146 0.10958033064857987
16 0.5161313762534514 0.7004027130139889 0.059729690451969256 0.08923272573124193
16 0.6710507193721841 0.7165112335735478 0.059729690451969256 0.08923272573124133
6 0.5932277285278302 0.9002755404832555 0.030518819938962476 0.04345061466723195
6 0.7004795814561835 0.6264306909707502 0.0383665164946956 0.05701568461212389
6 0.6065978782153756 0.8636074607884695 0.030518819938962476 0.04345061466723195
6 0.6212759773288764 0.8182492581602374 0.030518819938962476 0.04345061466723195
