3 0.45930116466669374 0.7295786798424784 0.1001478698911582 0.06024747365367497
17 0.8463173704968009 0.1968644492381223 0.12191401178829749 0.07475218671020632
17 0.3271959684015382 0.8618345988245486 0.13349178778311618 0.0803081089458291
17 0.7313129640120781 0.15590871459712574 0.11415104625486833 0.08029318389426898
16 0.30263134744926345 0.5173345048597806 0.09842530849274052 0.07206381565880979
16 0.28603836010595807 0.6730842920584851 0.09842530849274052 0.07206381565880979
6 0.09903418157994834 0.5957284260091152 0.045376195672538346 0.035690364956046425
6 0.36854910921272255 0.7031878899574617 0.048343554722983365 0.03876300805194207
6 0.1279205135608119 0.6061920214167594 0.045376195672538346 0.035690364956046425
6 0.1794556676818075 0.623880480320158 0.045376195672538346 0.035690364956046425
