3 0.5421188309213882 0.26616076511138576 0.10488782933628524 0.06587658529970435
17 0.1571641662801871 0.7989105649740583 0.11441016833930766 0.07395399526322483
17 0.6732061036472093 0.137873372624344 0.12520121679107937 0.08082956215129863
17 0.2571459987757966 0.8394362360766805 0.11441016833930766 0.07395399526322483
16 0.6996310939868517 0.48107969300807846 0.10488782933628524 0.06587658529970435
16 0.7148312393268867 0.3254129502173711 0.10488782933628524 0.06587658529970435
6 0.8985042660961016 0.40425630443098676 0.03912057820566565 0.030402000725503222
6 0.8561739808662825 0.38976505523547955 0.03912057820566565 0.030402000725503222
6 0.8168716130348771 0.3752738060399722 0.03912057820566565 0.030402000725503222
6 0.6268395171104538 0.2953228022406905 0.049536614056207635 0.03442965451336629
