3 0.26483537817812125 0.45652789754249024 0.06465925059507725 0.11601687468124074
17 0.1352485354046128 0.3320058731266683 0.07514337363102429 0.12608692837044455
17 0.8396983735004564 0.7362339881680284 0.08138656228144074 0.10023697759701873
16 0.4816887080366225 0.30044510385756673 0.06612410986775177 0.09643916913946587
16 0.3241534660659787 0.2826409495548961 0.06612410986775177 0.09643916913946587
17 0.8013318570057609 0.849841448956498 0.08138656228144074 0.10023697759701873
6 0.40546432204621413 0.09760491733785502 0.028193576515041483 0.040059347181008904
6 0.37509082982124686 0.180479016532429 0.028193576515041483 0.040059347181008904
6 0.297703822118878 0.36593895718524794 0.03153611393692783 0.050233149639677836
6 0.38918761807876756 0.13851208139041965 0.028193576515041483 0.040059347181008904
