2 0.7494550210725184 0.04398050021195422 0.06830402557767763 0.08584145824501907
2 0.558203749455021 0.11795252225519286 0.06830402557767763 0.08584145824501904
2 0.8439180351693065 0.5600890207715132 0.06830402557767763 0.08584145824501896
2 0.7943612846969915 0.2991733785502331 0.06830402557767763 0.08584145824501908
2 0.6339194884464466 0.5039211530309453 0.06830402557767763 0.08584145824501904
2 0.6064525505013805 0.37590080542602794 0.06830402557767763 0.08584145824501904
2 0.5840720825461415 0.2489402289105553 0.06830402557767763 0.085841458245019
2 0.3945647434965847 0.32333615938957183 0.06830402557767751 0.08584145824501908
2 0.3714576369713704 0.18895718524798652 0.06830402557767763 0.08584145824501924
2 0.6798430460688852 0.7680161085205597 0.06830402557767763 0.08584145824501921
2 0.6596424938235722 0.6389359898261975 0.06830402557767763 0.08584145824501904
2 0.4229036477256212 0.4515684612123782 0.06830402557767758 0.08584145824501904
2 0.09896817323063499 0.8629715981348027 0.06830402557767747 0.08584145824501913
2 0.30620549338758896 0.9151123357354811 0.06830402557767751 0.08584145824501896
2 0.2823717482923993 0.786032217041119 0.06830402557767751 0.08584145824501896
2 0.2563580874872838 0.656952098346757 0.0683040255776776 0.08584145824501913
2 0.2325243423920941 0.5268122085629504 0.06830402557767751 0.08584145824501904
2 0.2115971515768057 0.395612547689699 0.06830402557767763 0.08584145824501908
