2 0.13513951061033708 0.09694678810096345 0.10502151353422895 0.07475331598477834
2 0.5969355099279025 0.21050907418298576 0.0935860019763075 0.08179620566227429
2 0.2273354063401944 0.6778739859347184 0.09318224400370341 0.08450351532696465
2 0.4879354822175793 0.6284730431992307 0.09709067868195939 0.08669773850775686
2 0.3577195119433304 0.6559870458934702 0.08375114644670345 0.08470462709816887
2 0.6936972190789016 0.7932321076960674 0.09743941219341154 0.0971042016030328
2 0.2101360173890428 0.27929364628369785 0.10007553779760525 0.08539731092637334
2 0.9488163164178413 0.7447716838103223 0.08221018986461424 0.0879982281798385
2 0.4643111865669047 0.23221893155320128 0.08874502663088836 0.07949801160748346
2 0.8734700913245318 0.5582114110036638 0.08890132734259087 0.0857118313576901
2 0.5421121297321263 0.4212684514927597 0.09224413410492396 0.09251411569931015
2 0.7470275471401497 0.5814027989989986 0.0943497111606315 0.09072624509235122
2 0.3421302704853545 0.25255228471416424 0.09916363271832113 0.07860803458600903
2 0.6154800324482451 0.6063086198280931 0.09377739337502318 0.09131039438024542
2 0.08181542105066317 0.30548033612426884 0.08990211090631231 0.07212126412687564
2 0.4329869301453542 0.8409362047880372 0.08882960650616654 0.07481003971817778
2 0.80545428810912 0.36841346531166547 0.08418097340388539 0.07181009659325725
2 0.672710271546678 0.39134062634115907 0.08278997857068342 0.08332975276974186
