2 0.8612095863953543 0.8988342906063231 0.09407835827383161 0.07223215811371439
2 0.7846540683101122 0.7138073010216651 0.09445842437291357 0.07975407364652212
2 0.30080991116758626 0.20047017249789387 0.09743040181055268 0.09108488096468083
2 0.6367070002796389 0.3343320829094608 0.08639087167621012 0.0866985456868324
2 0.12243065989689587 0.4331436700520171 0.09110001923422431 0.08628027169896045
2 0.5034615264802021 0.36114304815158477 0.08736847557724407 0.0877632459328109
2 0.9159187294255379 0.6883609806654533 0.08882643702475891 0.07291527997440869
2 0.7713956974380448 0.314778325031393 0.08936945974649944 0.08350112309654756
2 0.3987201271849499 0.7817898165294379 0.09044386866538391 0.08419324810846897
2 0.24952524564386477 0.408309160389711 0.09136372008734005 0.08621104057055887
2 0.4526905546556241 0.5717081126215984 0.08524329301511499 0.0851468370501653
2 0.6587522602930267 0.7401180480770759 0.09807335375324555 0.07727342607531154
2 0.0507659240009523 0.24769773900448244 0.07637630513584578 0.08955757397237411
2 0.5303028910379382 0.761986019410049 0.08963931844920717 0.08230339352985122
2 0.18931680334074208 0.6238340608707401 0.0857360341782386 0.07143472727778484
2 0.3219165632208306 0.598650197895473 0.08406069158446541 0.07889206848454984
2 0.37801739157838005 0.38673379147161907 0.09314752686271328 0.08839421160708609
2 0.5597574070798977 0.15898949070330423 0.09743040181055268 0.09108488096468083
