19 0.7908007557041128 0.19573972022043237 0.052172649324226175 0.10406952098346758
19 0.8650632175555879 0.6156210258584146 0.052172649324226175 0.10406952098346761
19 0.8426827496003488 0.49099194573972027 0.052172649324226175 0.10406952098346761
19 0.8192849876471443 0.35152607036880035 0.052172649324226175 0.10406952098346761
19 0.4835779683185583 0.6334251801610853 0.052172649324226175 0.10406952098346761
19 0.4316959744223223 0.3500423908435778 0.052172649324226175 0.10406952098346761
19 0.4072809184711524 0.20760915642221278 0.052172649324226175 0.10406952098346758
19 0.3838831565179479 0.08298007630351843 0.052172649324226175 0.10406952098346758
19 0.1427844790001453 0.9004874947011446 0.052172649324226175 0.10406952098346753
19 0.06750472315070481 0.4850572276388301 0.052172649324226175 0.10406952098346761
19 0.04308966719953493 0.35152607036880035 0.052172649324226175 0.10406952098346761
19 0.2780845807295451 0.3997456549385333 0.07251852928353442 0.09071640525646464
19 0.7145037058567069 0.6742263671047054 0.07251852928353442 0.09071640525646464
19 0.690088649905537 0.546629927935566 0.07251852928353442 0.09071640525646464
19 0.6148088940560965 0.12526494277236117 0.07251852928353442 0.09071640525646464
19 0.6677081819502979 0.41161509114031375 0.07251852928353442 0.09071640525646464
19 0.37574480453422465 0.9427723611699873 0.07251852928353442 0.09071640525646456
19 0.354381630576951 0.8196269605765155 0.07251852928353442 0.09071640525646456
19 0.3279319866298503 0.6875794828317084 0.07251852928353442 0.09071640525646464
19 0.3055515186746112 0.5495972869860111 0.07251852928353442 0.09071640525646464
