19 0.6492707261233945 0.17588545802085265 0.07673758335055315 0.08813467506838836
19 0.38603381198638576 0.8732945473328543 0.07388454681737983 0.08477909982381306
19 0.5152804121481196 0.36535685281725244 0.05602179805720689 0.1005552388086517
19 0.6999066217991003 0.44273958291073584 0.06977336646824135 0.09057630770991747
19 0.6187622132403198 0.9172992196917888 0.058197300892516526 0.11203926607126298
19 0.6750399802005181 0.3113500781865785 0.06412832855814471 0.09163923857827569
19 0.2893967497506437 0.31931023074186876 0.0721592325887748 0.08614335781742628
19 0.7251304401386063 0.5944384340008926 0.06042629486425483 0.09163355615089484
19 0.5914314002807778 0.7937294837527986 0.05519850644551119 0.10929069179455675
19 0.6281334691712233 0.05534581473036407 0.0779625707337233 0.0905401940161821
19 0.33904057577449453 0.5849447278665152 0.08458628222755595 0.07960306501530044
19 0.9558171905796986 0.6483986059352976 0.060316766872774666 0.10106914757974778
19 0.8550020807479949 0.10193827880949932 0.05809944595228255 0.10158144331119888
19 0.9306923448129927 0.5116554509284589 0.058910598832496185 0.0997577067298776
19 0.18154723282869326 0.6411026408481315 0.05887208707698849 0.10874372986020957
19 0.5661443780456376 0.6487527987167663 0.05519850644551119 0.10929069179455675
19 0.3091613188539717 0.44669471569311936 0.0721592325887748 0.08614335781742637
19 0.2078515490617989 0.7939216319460544 0.05887208707698849 0.10874372986020966
19 0.15785881544749866 0.5048160787455456 0.05887208707698849 0.10874372986020948
19 0.1354783474922596 0.37997504440896235 0.05887208707698849 0.10874372986020966
