2 0.5374241925796577 0.7276149036622543 0.08583033145504826 0.1046474920889744
2 0.534183676827354 0.8847857285677856 0.08313121776250953 0.09573844207854229
2 0.7953527046140414 0.6439146467971317 0.07247648501080875 0.10491893553238595
20 0.09710963509349936 0.7575689027146698 0.06213881730028509 0.08935562398990571
20 0.49171360826928884 0.22816449173833922 0.0652074338460866 0.08890015010663947
20 0.08427055296796021 0.46185092190252924 0.06401137684757081 0.11640468337061852
20 0.9373473810640259 0.8644056720418312 0.06630019908761445 0.09103266775431194
20 0.10312463987395092 0.9157353975652588 0.06552037096460135 0.07593488834732011
20 0.4177749804538482 0.12151014061992883 0.06670530984748538 0.08903763768227235
20 0.0787774723398358 0.30719531820506657 0.06627446249324453 0.08660664544261175
