2 0.2666414187287011 0.5249244946065535 0.09526172943568018 0.08848436730075343
2 0.10818755096073321 0.5300347453337598 0.09696750471075494 0.08685957791240145
2 0.3467838162838175 0.789235081095419 0.10861661101661026 0.07476173315504196
20 0.7749601188682307 0.4916789204771332 0.08659711435923591 0.07378594678876867
20 0.8799431213552628 0.4200421158544304 0.08532661988258308 0.0777225654759337
20 0.08002565760806828 0.09925545200173111 0.10761658280360552 0.07570173120321459
20 0.6811278195410908 0.07645976200650616 0.10761658280360552 0.07570173120321458
20 0.5313064666675972 0.0868818352101518 0.10761658280360552 0.07570173120321458
20 0.2300892438734349 0.09522779821386805 0.10761658280360552 0.0757017312032146
20 0.13162137007703203 0.9318586865814226 0.10761658280360552 0.07570173120321468
