2 0.7309397575763283 0.46876099005356686 0.09893087958723572 0.09657543721785987
2 0.8873805829962212 0.4645001090312659 0.09417733665036165 0.0941037927978764
2 0.6603820649237533 0.20001412693265788 0.13388749753686016 0.07300967335822259
3 0.7592759627616724 0.9006038444573372 0.08819113711575019 0.06497009215253052
11 0.3075448667260235 0.9197338333207495 0.09172721432649064 0.06994274989270727
20 0.22601304914490314 0.5009936320565648 0.08409299765567044 0.06660559218630792
20 0.8687484695932632 0.06409252647950957 0.08514703133693435 0.0679240862205094
20 0.11555462245078342 0.569546790858234 0.08409299765567044 0.06660559218630786
11 0.45748733629545363 0.9156231351248894 0.09172721432649064 0.06994274989270727
11 0.905679669608601 0.8969796655295234 0.09172721432649064 0.06994274989270727
