2 0.2537137606023681 0.12061822450779461 0.0853081994665129 0.07331695246187134
2 0.6946656088447005 0.30545874408399826 0.08139264477466618 0.07225590780574453
2 0.7768011800613177 0.25276702539360535 0.07817725116492026 0.07430173421803471
2 0.08734654955764906 0.23246630089450343 0.08057976335021792 0.07012554490796669
2 0.8677850830802578 0.42597174426182605 0.08574225994528932 0.07133898342128688
2 0.594893752644253 0.13284220651838083 0.08243907170055174 0.07075378635286193
2 0.5150074491868741 0.18426533851351887 0.08929099244250742 0.06463467820129705
2 0.5306655901345957 0.42702699119901605 0.08101438980781714 0.07063366413601538
2 0.2869787979102874 0.595233439597297 0.08101438980781714 0.07063366413601516
2 0.3718210434138302 0.5361058211033073 0.08101438980781714 0.07063366413601521
2 0.4506074541205461 0.4852826434090353 0.08101438980781714 0.07063366413601532
2 0.42341675588279415 0.24345732732125744 0.08101438980781714 0.07063366413601538
2 0.20225766910268134 0.6544441024992839 0.08101438980781714 0.07063366413601516
2 0.9441579900619256 0.14168640532071772 0.08101438980781714 0.07063366413601542
2 0.9411906310114805 0.37321421481684575 0.08101438980781714 0.07063366413601538
