2 0.37378288039529134 0.047689699025010586 0.07121057985757884 0.08690122933446373
2 0.14285714285714282 0.05743959304790166 0.07121057985757884 0.08690122933446376
2 0.4304606888533643 0.132471386180585 0.07121057985757884 0.08690122933446372
2 0.48088940560964977 0.5504451038575667 0.07121057985757895 0.08690122933446373
2 0.42363028629559646 0.46587537091988135 0.07121057985757889 0.08690122933446381
2 0.3104199970934456 0.3007630351844002 0.07121057985757878 0.08690122933446377
2 0.2466211306496148 0.2214921576939381 0.07121057985757878 0.0869012293344638
2 0.5384391803516932 0.6311996608732513 0.07121057985757907 0.08690122933446373
2 0.24211597151576805 0.5646460364561254 0.07121057985757892 0.08690122933446373
2 0.18413021363173965 0.4853751589656633 0.07121057985757907 0.08690122933446373
2 0.1305042871675629 0.4029249682068673 0.07121057985757898 0.08690122933446373
2 0.6454003778520566 0.7956761339550656 0.07121057985757907 0.0869012293344639
2 0.5932277285278303 0.7142857142857142 0.07121057985757907 0.08690122933446373
2 0.23572155209998577 0.907164052564646 0.0712105798575791 0.0869012293344639
2 0.12905101002761243 0.7399321746502753 0.0712105798575789 0.08690122933446356
