2 0.87230290425515 0.2542618205356315 0.07230970939566378 0.0927939032942322
2 0.7635547098526513 0.08899481855443395 0.07182465686196592 0.08706639570015474
2 0.6250083511988969 0.9445771350351215 0.07460042152133138 0.08785793406319548
2 0.8655800028710738 0.5951253738176929 0.07336407154040564 0.0826039300120549
2 0.5683523277057636 0.8649295614451966 0.07014106758249618 0.08885414734792285
2 0.7419736906810306 0.7762893088139837 0.07367328321703331 0.08178366822375742
2 0.686741810485281 0.6942643524984932 0.077962943277912 0.0783125427427207
2 0.5756898116899114 0.5294584215268486 0.06454601268438453 0.08557201351539317
2 0.811358772968591 0.5115349427175098 0.06438184487856052 0.08288560635258253
2 0.7495436333688327 0.43505805041033013 0.06817732507311801 0.08171520742535238
2 0.5089843909661793 0.4438289174997185 0.06454601268438448 0.08557201351539317
2 0.4626248502017557 0.3645580400092564 0.06454601268438453 0.08557201351539309
2 0.408998923737579 0.2863469336082391 0.06454601268438465 0.08557201351539317
2 0.3531930815634764 0.19859788740221954 0.06454601268438459 0.08557201351539317
2 0.8564629551283648 0.9421332837566071 0.0645460126843843 0.08557201351539317
