19 0.20555940509196205 0.43877757679332385 0.11557727892957739 0.0818311308978813
19 0.7842239244047895 0.5696729177451996 0.1217985521084477 0.09252050594066608
19 0.20853747812152262 0.3277740311387596 0.12329495483760665 0.09663075241306134
19 0.19815438560339324 0.22625499751278175 0.11032579572675578 0.07628787225832333
19 0.7717264956145449 0.35575649117444935 0.10813426592336498 0.07354147217589
19 0.48524786791804914 0.39538144478979914 0.1128142692028131 0.08315473632711588
19 0.7796667987585776 0.4594619433433307 0.12683666919742212 0.09632561005741716
19 0.48734411294406493 0.6144270677851711 0.10862177915078149 0.08111300572210044
19 0.7842239244047895 0.5696729177451996 0.1217985521084477 0.09252050594066608
19 0.48820373653050714 0.7225133987360852 0.11810011330033157 0.08193180882264854
