19 0.31771498931548176 0.11990676913308418 0.10425246150981779 0.09573318297604481
19 0.7949887262827792 0.5441265139705612 0.13209203159773739 0.08077852514461253
19 0.3924501285688599 0.5089237926030411 0.11228519518934302 0.08905092805526081
19 0.8831990605458908 0.6255543447525764 0.1259371344930118 0.06505820793021458
19 0.6621045302212769 0.7555815129840896 0.10062717493060545 0.09225923942271547
19 0.5040668312202182 0.2866734354107104 0.12763180152598758 0.07184315876788397
19 0.47817496597736847 0.5937054490281357 0.10504870315687594 0.08929934715780737
19 0.5682514370719168 0.6767255914773211 0.11107805291693713 0.0855884029726862
19 0.2865328572243727 0.42223249536844715 0.0944251008212892 0.10280882921258093
19 0.10522543399546598 0.26417471436268364 0.1349231819711123 0.06774887901365602
19 0.6980100618578887 0.45769561229615074 0.12119615756746542 0.07218859726803867
19 0.6006437254328456 0.372901430728946 0.13396813392799337 0.06818378840054684
