19 0.42583046745149705 0.7093751945383994 0.09650809212693111 0.09337843165736341
19 0.5086589204880552 0.6151044800896434 0.09650809212693111 0.09337843165736341
19 0.592253310763716 0.5239463800294661 0.09650809212693111 0.09337843165736341
19 0.6773795755175822 0.42967566558071013 0.09650809212693123 0.09337843165736341
19 0.7533145934022166 0.3333298748729017 0.09650809212693123 0.09337843165736366
19 0.12339248921943334 0.6804693822497977 0.09650809212693111 0.09337843165736341
19 0.2635053883684771 0.8936108401983772 0.06423149687114638 0.13577223962980636
19 0.6251349964383918 0.11456496026228966 0.06423149687114643 0.13577223962980656
19 0.5409891313505772 0.20912618538731303 0.06423149687114638 0.13577223962980653
19 0.45607732902365977 0.30264987238281005 0.06423149687114638 0.13577223962980658
19 0.37422927565315295 0.3961735593783071 0.06423149687114638 0.13577223962980645
19 0.2854877871307225 0.4928098607623829 0.06423149687114638 0.13577223962980645
