19 0.8767914472145526 0.31914076789580015 0.10061073929952766 0.09697300036512427
19 0.48940060925931655 0.37944979437215204 0.09190717061691814 0.09547695796262283
19 0.241075235734576 0.6637440283867292 0.0946475034623505 0.08926930223422888
19 0.3225137558943508 0.5668624224402252 0.09514584909214295 0.094713411210263
19 0.7373070221500074 0.10213781340663318 0.06792228027354968 0.12920987877906417
19 0.5710322430518422 0.2881993695508224 0.09432361799041769 0.09765789537563785
19 0.4016190031583392 0.47120637484628425 0.09404139788677313 0.09845848437331804
19 0.7102732605172608 0.502011061916932 0.06224669888903797 0.1242175889755819
19 0.5406649716951782 0.7001025323435794 0.06598276580625191 0.12852436611942347
19 0.6204585428765084 0.6030949260542827 0.06571056917693825 0.12333225782897504
19 0.45584657032826753 0.7912995505324537 0.06404962698108471 0.12251181176113905
19 0.37353049092365864 0.8861919505268993 0.06477121662234007 0.12155895134602761
