19 0.6721463669828762 0.8793365781868764 0.10293866405227545 0.09067276935316843
19 0.49979436857410287 0.7053338643102238 0.1345285930690143 0.07889425689262733
19 0.11145504874108814 0.3753526984786743 0.13898422547053085 0.0710467968622857
19 0.20970997501478156 0.45699154164161465 0.14193981408365403 0.07378602210689349
19 0.619450640861281 0.4865310685658115 0.09400457941026148 0.09294475508198369
19 0.40332371969251324 0.6195819432738054 0.1424500553119784 0.08867004327680038
19 0.2941364924575706 0.5424020737215586 0.13482692926316203 0.07035871563010189
19 0.4310826019172632 0.32360584137865384 0.10502742235313892 0.09086573789832626
19 0.8902666256266382 0.7375757540271776 0.1401435754232556 0.07012143923706188
19 0.5211853617670341 0.40524112313789357 0.09692718811701513 0.0944341603455524
19 0.7074507624736845 0.5737264463252075 0.09391657034404775 0.09638351645082684
19 0.32837111407568786 0.24255090460562165 0.10378195199485349 0.09090706865993807
