19 0.08392379027746219 0.3838682203259933 0.1343108244942335 0.0674119867471736
19 0.2810393783495011 0.5509227103172418 0.13942604968371758 0.06880072039269323
19 0.1746748786551656 0.46616685877518566 0.12825351409886485 0.06668243316755712
19 0.640989932893245 0.8817320740519297 0.1370831634741896 0.07117871133103926
19 0.3644603120340265 0.6318052218909272 0.1304377545221715 0.0628893805583881
19 0.7434458695495991 0.9647906247295678 0.14043857298307952 0.06370264068441427
19 0.86336526774084 0.7417395022810743 0.10364004978440282 0.08625022996816813
19 0.9512142512227124 0.8280988832497522 0.09407510677888901 0.09410720872811043
19 0.7682059125546264 0.6660340425088136 0.10021361399121384 0.09452326796532722
19 0.5513184471978272 0.7946124396613578 0.14250028390352065 0.06433285840887144
