19 0.3572407861244744 0.12200603364097266 0.1336792250188412 0.06986092038053988
19 0.9058493544837675 0.6158884813112064 0.1226274765763875 0.06372408100320452
19 0.8206577825356713 0.5313498350318957 0.1306456912972813 0.0654079577028499
19 0.2525360945070533 0.035953906122982694 0.12818720786437082 0.07409839274979892
19 0.6283667799166512 0.36888417712999966 0.12611174558072807 0.06588536869356443
19 0.7179601331966787 0.44794276722967125 0.13728392150205707 0.06482867744832244
19 0.04291891551125884 0.16849538981304787 0.0888051900729628 0.08552487760880169
19 0.12909261561355775 0.2518622667929537 0.10288077851478028 0.09740382203210482
19 0.2282375094137869 0.33668841364541907 0.09494987339570596 0.10134470032907543
19 0.4452428352685293 0.20537779422802502 0.12843824189785552 0.0643110589224864
