19 0.6153999341293975 0.08322093336930132 0.0651046653237234 0.12139196115457243
19 0.03645861258128521 0.7349401340499263 0.06510466532372347 0.12139196115457218
19 0.12005300285694595 0.6406694196011703 0.0651046653237234 0.12139196115457243
19 0.20364739313260677 0.5484737814114669 0.06510466532372343 0.12139196115457243
19 0.36766519351404353 0.367049864082505 0.0651046653237234 0.12139196115457235
19 0.4474298975941912 0.2779668402813804 0.0651046653237234 0.12139196115457243
19 0.5325561623480572 0.1753958207964143 0.0651046653237234 0.12139196115457244
19 0.3339716143659189 0.7706625718495155 0.097932735391662 0.09115810006017709
19 0.1709342136505335 0.9545973314519308 0.097932735391662 0.09115810006017709
19 0.2537626666870917 0.8653690523126727 0.097932735391662 0.09115810006017709
