19 0.1800311620797364 0.5449669025336681 0.10338130718278554 0.13487995683841386
19 0.48342576114487407 0.7554418874893652 0.10338130718278543 0.13487995683841378
19 0.5483049157811565 0.6608806623643417 0.10338130718278554 0.1348799568384141
19 0.608753442966748 0.5652818991097923 0.10338130718278554 0.13487995683841386
19 0.7378766956380471 0.37215455167977424 0.10338130718278554 0.13487995683841386
19 0.8027558502743294 0.27655578842522477 0.10338130718278579 0.1348799568384136
19 0.3071606323982247 0.3511132784129817 0.10338130718278554 0.13487995683841386
19 0.4288995059850391 0.16421115976012107 0.10338130718278554 0.13487995683841394
19 0.486394281536837 0.06653732024651901 0.10338130718278543 0.13487995683841394
19 0.06538129241402728 0.09751820879417306 0.10338130718278554 0.13487995683841394
19 0.6715354339430368 0.47192421821501934 0.10338130718278554 0.13487995683841394
19 0.05852858862362547 0.7384262621651345 0.10338130718278554 0.1348799568384141
19 0.8407263275267498 0.86112552136291 0.10338130718278554 0.13487995683841428
19 0.9033901684376867 0.7624141437197817 0.10338130718278567 0.13487995683841378
19 0.9551214361140443 0.6665871220767362 0.08955036515754576 0.13741154987445783
19 0.36057923069538694 0.9397501608184101 0.0923047385560585 0.11101657985930984
19 0.42826444938377356 0.8563943474922702 0.1033813071827853 0.1348799568384141
19 0.7783800149164457 0.9410885850054989 0.10824022862037636 0.11576850449253998
