19 0.8136892780809696 0.8987158564772081 0.13072980432030876 0.09968911764054324
19 0.7139403623083149 0.8338367018409258 0.13072980432030876 0.09968911764054324
19 0.6245668278309228 0.7689575472046433 0.13072980432030867 0.09968911764054324
19 0.5206677595401631 0.7055552683852578 0.13072980432030876 0.09968911764054324
19 0.4240314581560872 0.6487989307419086 0.13072980432030876 0.09968911764054324
19 0.3253200805129588 0.588350403556317 0.13072980432030876 0.09968911764054324
19 0.23283393164698798 0.524209686828483 0.13072980432030867 0.09968911764054324
19 0.13931024465149114 0.45933053219220077 0.13072980432030842 0.09968911764054349
19 0.05126475897989246 0.3966223850067568 0.10549687701023003 0.10568523345714502
19 0.21385735925795277 0.9497640690882506 0.13307464049303802 0.09545048404604901
19 0.11916125417609075 0.8923652904645514 0.13072980432030876 0.09968911764054324
19 0.24171525803573304 0.10879405705171298 0.13072980432030826 0.0996891176405432
19 0.3390985868730676 0.17018778476011853 0.13072980432030884 0.09968911764054318
19 0.4344068394513499 0.23305838828542125 0.13072980432030867 0.09968911764054336
19 0.5338652445477372 0.29666742971917215 0.13072980432030876 0.09968911764054324
19 0.6270984208669669 0.35584584370223227 0.1307298043203086 0.09968911764054306
19 0.8188977194911913 0.48148366944565485 0.13072980432030867 0.09968911764054336
19 0.9162810483285261 0.5436158350625089 0.13072980432030892 0.09968911764054324
19 0.8360793509161463 0.05351459522526079 0.1307298043203086 0.09968911764054347
