19 0.4167005117374705 0.9127741694507275 0.10264286927433709 0.13799257122699252
19 0.8500601826895385 0.24237928243862986 0.10264286927433709 0.1379925712269921
19 0.7908817687064782 0.33664999688738556 0.10264286927433733 0.13799257122699268
19 0.7294880409980726 0.44129609263140424 0.10264286927433709 0.13799257122699252
19 0.6644021237474248 0.5324541926915815 0.10264286927433709 0.13799257122699268
19 0.6059621476728128 0.6287999833993901 0.10264286927433733 0.13799257122699235
19 0.47979264663530763 0.8157021020522506 0.10264286927433709 0.13799257122699252
19 0.9589797741856876 0.7248345126683405 0.07954453149806902 0.14185221306883022
19 0.9044978253003594 0.8324479674628046 0.10264286927433745 0.13799257122699202
19 0.49487154872582534 0.13758793135647723 0.1026428692743372 0.13799257122699252
19 0.4327393831089713 0.23082110767570738 0.10264286927433709 0.13799257122699193
19 0.3698687795836687 0.3240542839949368 0.10264286927433709 0.1379925712269926
19 0.3092134897837115 0.4214376128322716 0.10264286927433709 0.13799257122699268
19 0.2507735137090997 0.5198584797991325 0.10264286927433709 0.13799257122699268
19 0.18220216953057508 0.6216824718308399 0.10264286927433709 0.13799257122699252
19 0.12376219345596327 0.7118030337614907 0.10264286927433709 0.1379925712269926
19 0.06109835254502623 0.8125894876636718 0.10264286927433709 0.13799257122699218
19 0.557638770943945 0.05095349754103454 0.10137275607180582 0.10404432362889338
19 0.06868949424387655 0.11357929903923965 0.10264286927433697 0.13799257122699252
