19 0.3207035836391697 0.8920234068602021 0.10264286927433697 0.1338424187088877
19 0.26890954874059414 0.2984063414330477 0.10264286927433697 0.1338424187088876
19 0.14179484718027482 0.4953933307049034 0.10264286927433697 0.1338424187088876
19 0.07818580574652378 0.5917391214127119 0.10264286927433697 0.13384241870888752
19 0.6923003079286079 0.30811769832541347 0.0985371545033636 0.1363740117449316
19 0.6291121761026723 0.4040173476375256 0.09326470783704148 0.1331161420182192
19 0.5681393580020824 0.5066609947915587 0.0968535160721012 0.13297088668008555
19 0.9232836856912886 0.6087962482621235 0.10264286927433697 0.1338424187088876
19 0.3906484223274086 0.10631653213255622 0.10264286927433697 0.13384241870888686
19 0.3270393808936575 0.20162478471083822 0.10264286927433697 0.13384241870888736
