19 0.8721320917730633 0.4079703679110208 0.09821224182364632 0.13176734244983507
19 0.3494214338987306 0.5160195887198854 0.09821224182364632 0.1317673424498351
19 0.28085008972020586 0.6209561951401714 0.09821224182364625 0.1317673424498351
19 0.8000753206666618 0.5059347181008902 0.09821224182364632 0.1317673424498351
19 0.7396267934810701 0.6233217820754914 0.09821224182364632 0.131767342449835
19 0.6695785734856484 0.7251457741071984 0.09821224182364632 0.13176734244983468
19 0.5315940659129678 0.9338361934801102 0.09821224182364632 0.13176734244983468
19 0.9430073622259472 0.9329439106887178 0.09821224182364632 0.13176734244983518
19 0.24493246985327238 0.05794650453404161 0.09874391711772916 0.11798883608972635
19 0.123666196527865 0.24032495694216768 0.09821224182364642 0.13176734244983518
19 0.06026391770847945 0.3390363345852958 0.09821224182364631 0.13176734244983482
19 0.4893997238242222 0.3059803697785896 0.09821224182364632 0.13176734244983565
19 0.5552240789833186 0.19925919777551818 0.09821224182364632 0.13176734244983507
