19 0.18334336286858544 0.09917221110462918 0.13072980432030876 0.09968911764054324
19 0.2830922786412401 0.16405136574091148 0.13072980432030876 0.09968911764054324
19 0.37246581311863214 0.22893052037719405 0.13072980432030867 0.09968911764054324
19 0.4763648814093918 0.29233279919657945 0.13072980432030876 0.09968911764054324
19 0.5730011827934677 0.34908913683992865 0.13072980432030876 0.09968911764054324
19 0.6717125604365961 0.40953766402552033 0.13072980432030876 0.09968911764054324
19 0.764198709302567 0.4736783807533543 0.13072980432030867 0.09968911764054324
19 0.8577223962980637 0.5385575353896365 0.13072980432030842 0.09968911764054342
19 0.9459961403581579 0.6012656825750804 0.10595339378722102 0.10568523345714495
19 0.7831752816916021 0.04812399849358659 0.13307464049303802 0.09545048404604901
19 0.8778713867734641 0.10552277711728589 0.13072980432030876 0.09968911764054324
19 0.7553173829138219 0.8890940105301244 0.13072980432030826 0.09968911764054324
19 0.6579340540764873 0.8277002828217187 0.13072980432030884 0.09968911764054313
19 0.5626258014982051 0.764829679296416 0.13072980432030867 0.09968911764054336
19 0.46316739640181775 0.7012206378626651 0.13072980432030876 0.09968911764054324
19 0.36993422008258803 0.6420422238796051 0.1307298043203086 0.099689117640543
19 0.1781349214583636 0.5164043981361824 0.13072980432030876 0.09968911764054336
19 0.08075159262102885 0.4542722325193284 0.13072980432030884 0.09968911764054324
19 0.16095329003340866 0.9443734723565765 0.1307298043203086 0.09968911764054349
