19 0.10500923408935281 0.3207035836391697 0.13384241870888755 0.10264286927433697
19 0.6986262995165072 0.26890954874059414 0.1338424187088876 0.10264286927433697
19 0.5016393102446516 0.14179484718027482 0.1338424187088876 0.10264286927433697
19 0.405293519536843 0.07818580574652378 0.13384241870888752 0.10264286927433697
19 0.6889149426241415 0.6923003079286079 0.1363740117449316 0.0985371545033636
19 0.5930152933120293 0.6291121761026723 0.1331161420182192 0.09326470783704148
19 0.4903716461579963 0.5681393580020824 0.13297088668008555 0.0968535160721012
19 0.3882363926874314 0.9232836856912886 0.1338424187088876 0.10264286927433697
19 0.8907161088169986 0.3906484223274086 0.13384241870888686 0.10264286927433697
19 0.7954078562387167 0.3270393808936575 0.13384241870888736 0.10264286927433697
