19 0.125755975808774 0.5890622730385341 0.09821224182364632 0.131767342449835
19 0.6484666336831066 0.4810130522296695 0.09821224182364632 0.1317673424498351
19 0.7170379778616313 0.3760764458093835 0.0982122418236462 0.1317673424498351
19 0.19781274691517553 0.4910979228486647 0.09821224182364632 0.1317673424498351
19 0.2582612741007672 0.3737108588740635 0.09821224182364632 0.131767342449835
19 0.32830949409618887 0.2718868668423566 0.09821224182364632 0.13176734244983468
19 0.4662940016688696 0.06379821958456973 0.09821224182364632 0.13056379821958458
19 0.05488070535589012 0.06424436098026604 0.09821224182364632 0.13145608101097717
19 0.7529555977285649 0.9390861364155132 0.09874391711772924 0.11798883608972646
19 0.8742218710539722 0.7567076840073872 0.09821224182364643 0.13176734244983518
19 0.9376241498733578 0.6579963063642591 0.09821224182364632 0.13176734244983485
19 0.5084883437576151 0.6910522711709653 0.09821224182364632 0.13176734244983562
19 0.4426639885985187 0.7977734431740366 0.09821224182364632 0.131767342449835
