19 0.08425847149882758 0.4167005117374705 0.1379925712269926 0.10264286927433709
19 0.7546533585109251 0.8500601826895385 0.1379925712269921 0.10264286927433709
19 0.6603826440621694 0.7908817687064782 0.13799257122699268 0.10264286927433733
19 0.5557365483181507 0.7294880409980726 0.13799257122699252 0.10264286927433709
19 0.4645784482579735 0.6644021237474248 0.13799257122699268 0.10264286927433709
19 0.3682326575501648 0.6059621476728128 0.13799257122699232 0.10264286927433733
19 0.18133053889730447 0.47979264663530763 0.13799257122699257 0.10264286927433709
19 0.2721981282812143 0.9589797741856876 0.14185221306883028 0.07954453149806902
19 0.16458467348675043 0.9044978253003594 0.13799257122699207 0.10264286927433745
19 0.8594447095930778 0.49487154872582534 0.13799257122699252 0.1026428692743372
19 0.7662115332738475 0.4327393831089713 0.13799257122699193 0.10264286927433709
19 0.672978356954618 0.3698687795836687 0.1379925712269926 0.10264286927433709
19 0.5755950281172834 0.3092134897837115 0.13799257122699268 0.10264286927433709
19 0.47717416115042244 0.2507735137090997 0.13799257122699268 0.10264286927433709
19 0.37535016911871505 0.18220216953057508 0.1379925712269925 0.10264286927433709
19 0.2852296071880642 0.12376219345596327 0.1379925712269926 0.10264286927433709
19 0.18444315328588304 0.06109835254502623 0.13799257122699216 0.10264286927433709
19 0.9460791434085204 0.557638770943945 0.10404432362889338 0.10137275607180582
19 0.8834533419103152 0.06868949424387655 0.13799257122699252 0.10264286927433697
