19 0.8178569055021009 0.4520657384158869 0.10338130718278554 0.13487995683841386
19 0.5144623064369632 0.24159075346018968 0.10338130718278543 0.1348799568384138
19 0.44958315180068087 0.3361519785852132 0.10338130718278549 0.1348799568384141
19 0.3891346246150893 0.43175074183976264 0.10338130718278567 0.13487995683841386
19 0.26001137194379015 0.6248780892697807 0.10338130718278549 0.13487995683841386
19 0.19513221730750796 0.7204768525243301 0.10338130718278588 0.1348799568384136
19 0.6907274351836126 0.6459193625365732 0.10338130718278554 0.13487995683841386
19 0.5689885615967981 0.8328214811894339 0.10338130718278554 0.13487995683841394
19 0.5114937860450003 0.930495320703036 0.10338130718278543 0.13487995683841394
19 0.93250677516781 0.8995144321553818 0.10338130718278554 0.13487995683841394
19 0.3263526336388005 0.5251084227345356 0.10338130718278561 0.13487995683841394
19 0.9393594789582118 0.2586063787844205 0.10338130718278554 0.13487995683841406
19 0.1571617400550875 0.135907119586645 0.10338130718278554 0.1348799568384141
19 0.09449789914415059 0.23461849722977324 0.10338130718278568 0.1348799568384138
19 0.04324292391874229 0.33044551887281864 0.0885977802556472 0.13741154987445783
19 0.6373088368864505 0.05728248013114483 0.0923047385560585 0.11101657985930984
19 0.5696236181980637 0.14063829345728474 0.1033813071827853 0.13487995683841414
19 0.21950805266539167 0.05617231433255172 0.1082402286203764 0.11531198771554856
