19 0.8920234068602021 0.6771844839426676 0.1338424187088877 0.10264286927433697
19 0.2984063414330477 0.7289785188412431 0.1338424187088876 0.10264286927433697
19 0.4953933307049034 0.8560932204015624 0.1338424187088876 0.10264286927433697
19 0.5917391214127119 0.9197022618353136 0.13384241870888752 0.10264286927433697
19 0.30811769832541347 0.30558775965322954 0.1363740117449316 0.0985371545033636
19 0.4040173476375256 0.368775891479165 0.1331161420182192 0.09326470783704148
19 0.5066609947915587 0.4297487095797549 0.13297088668008555 0.09685351607210115
19 0.6087962482621235 0.07460438189054867 0.1338424187088876 0.10264286927433697
19 0.10631653213255622 0.6072396452544288 0.13384241870888686 0.10264286927433697
19 0.20162478471083822 0.6708486866881798 0.13384241870888736 0.10264286927433697
