19 0.4079703679110208 0.125755975808774 0.13176734244983507 0.09821224182364632
19 0.5160195887198854 0.6484666336831066 0.1317673424498351 0.09821224182364632
19 0.6209561951401714 0.7170379778616313 0.1317673424498351 0.0982122418236462
19 0.5059347181008902 0.19781274691517553 0.1317673424498351 0.09821224182364632
19 0.6233217820754914 0.2582612741007672 0.131767342449835 0.09821224182364632
19 0.7251457741071984 0.32830949409618887 0.13176734244983468 0.09821224182364632
19 0.9338361934801102 0.4662940016688696 0.13176734244983468 0.09821224182364632
19 0.9329439106887178 0.05488070535589012 0.13176734244983518 0.09821224182364632
19 0.05794650453404161 0.7529555977285649 0.11798883608972635 0.09874391711772924
19 0.24032495694216768 0.8742218710539722 0.13176734244983518 0.09821224182364643
19 0.3390363345852958 0.9376241498733578 0.13176734244983482 0.09821224182364632
19 0.3059803697785896 0.5084883437576151 0.13176734244983565 0.09821224182364632
19 0.19925919777551818 0.4426639885985187 0.13176734244983507 0.09821224182364632
