19 0.9127741694507275 0.5811875558443668 0.13799257122699252 0.10264286927433709
19 0.24237928243862986 0.14782788489229878 0.1379925712269921 0.10264286927433702
19 0.33664999688738556 0.20700629887535915 0.13799257122699268 0.10264286927433738
19 0.44129609263140424 0.2684000265837646 0.13799257122699252 0.10264286927433709
19 0.5324541926915815 0.33348594383441255 0.13799257122699268 0.10264286927433702
19 0.6287999833993901 0.3919259199090246 0.13799257122699235 0.10264286927433738
19 0.8157021020522506 0.5180954209465297 0.13799257122699252 0.10264286927433709
19 0.7248345126683405 0.038908293396149776 0.14185221306883022 0.07954453149806902
19 0.8324479674628046 0.09339024228147794 0.13799257122699202 0.1026428692743375
19 0.13758793135647723 0.503016518856012 0.13799257122699252 0.1026428692743372
19 0.23082110767570738 0.565148684472866 0.13799257122699193 0.10264286927433709
19 0.3240542839949368 0.6280192879981686 0.1379925712269926 0.10264286927433709
19 0.4214376128322716 0.6886745777981258 0.13799257122699268 0.10264286927433709
19 0.5198584797991325 0.7471145538727376 0.13799257122699268 0.10264286927433709
19 0.6216824718308399 0.8156858980512622 0.13799257122699252 0.10264286927433709
19 0.7118030337614907 0.8741258741258741 0.1379925712269926 0.10264286927433709
19 0.8125894876636718 0.9367897150368111 0.13799257122699218 0.10264286927433709
19 0.05095349754103454 0.44024929663789225 0.10404432362889338 0.10137275607180582
19 0.11357929903923965 0.9291985733379609 0.13799257122699252 0.10264286927433697
