19 0.8987158564772081 0.18334336286858544 0.09968911764054324 0.13072980432030876
19 0.8338367018409258 0.2830922786412401 0.09968911764054324 0.13072980432030876
19 0.7689575472046433 0.37246581311863214 0.09968911764054324 0.13072980432030867
19 0.7055552683852578 0.4763648814093918 0.09968911764054324 0.13072980432030876
19 0.6487989307419086 0.5730011827934677 0.09968911764054324 0.13072980432030876
19 0.588350403556317 0.6717125604365961 0.09968911764054324 0.13072980432030876
19 0.524209686828483 0.764198709302567 0.09968911764054324 0.13072980432030867
19 0.45933053219220077 0.8577223962980637 0.09968911764054349 0.13072980432030842
19 0.3966223850067568 0.9459961403581579 0.10568523345714502 0.10595339378722102
19 0.9497640690882506 0.7831752816916021 0.09545048404604901 0.13307464049303802
19 0.8923652904645514 0.8778713867734641 0.09968911764054324 0.13072980432030876
19 0.10879405705171298 0.7553173829138219 0.0996891176405432 0.13072980432030826
19 0.17018778476011853 0.6579340540764873 0.09968911764054318 0.13072980432030884
19 0.23305838828542125 0.5626258014982051 0.09968911764054336 0.13072980432030867
19 0.29666742971917215 0.46316739640181775 0.09968911764054324 0.13072980432030876
19 0.35584584370223227 0.36993422008258803 0.09968911764054306 0.1307298043203086
19 0.48148366944565485 0.1781349214583636 0.09968911764054336 0.13072980432030876
19 0.5436158350625089 0.08075159262102885 0.09968911764054324 0.13072980432030884
19 0.05351459522526079 0.16095329003340866 0.09968911764054347 0.1307298043203086
