19 0.09917221110462918 0.8136892780809696 0.09968911764054324 0.13072980432030876
19 0.16405136574091148 0.7139403623083149 0.09968911764054324 0.13072980432030876
19 0.22893052037719405 0.6245668278309228 0.09968911764054324 0.13072980432030867
19 0.29233279919657945 0.5206677595401631 0.09968911764054324 0.13072980432030876
19 0.34908913683992865 0.4240314581560872 0.09968911764054324 0.13072980432030876
19 0.40953766402552033 0.3253200805129588 0.09968911764054324 0.13072980432030876
19 0.4736783807533543 0.23283393164698798 0.09968911764054324 0.13072980432030867
19 0.5385575353896365 0.13931024465149114 0.09968911764054342 0.13072980432030842
19 0.6012656825750804 0.05126475897989246 0.10568523345714495 0.10549687701023003
19 0.04812399849358659 0.21385735925795277 0.09545048404604901 0.13307464049303802
19 0.10552277711728589 0.11916125417609075 0.09968911764054324 0.13072980432030876
19 0.8890940105301244 0.24171525803573304 0.09968911764054324 0.13072980432030826
19 0.8277002828217187 0.3390985868730676 0.09968911764054313 0.13072980432030884
19 0.764829679296416 0.4344068394513499 0.09968911764054336 0.13072980432030867
19 0.7012206378626651 0.5338652445477372 0.09968911764054324 0.13072980432030876
19 0.6420422238796051 0.6270984208669669 0.099689117640543 0.1307298043203086
19 0.5164043981361824 0.8188977194911913 0.09968911764054336 0.13072980432030867
19 0.4542722325193284 0.9162810483285261 0.09968911764054324 0.13072980432030892
19 0.9443734723565765 0.8360793509161463 0.09968911764054349 0.1307298043203086
