19 0.7971806440655438 0.6777302815878484 0.09747380391519786 0.1462928762632027
19 0.09576801234668196 0.43820422900541595 0.09747380391519803 0.1462928762632027
19 0.7183745504759234 0.5784171318295948 0.09747380391519786 0.1462928762632027
19 0.6402035134875683 0.4737710360855762 0.09747380391519786 0.1462928762632027
19 0.5635093523161105 0.3795003216368201 0.09747380391519786 0.14629287626320261
19 0.48016924996861654 0.275891764022328 0.0974738039151981 0.1462928762632031
19 0.4049519646140554 0.17020813014878303 0.09747380391519786 0.14629287626320275
19 0.3238271759919067 0.07801249195907947 0.09747380391519792 0.14629287626320264
19 0.4119228184698091 0.8346890498225811 0.09747380391519804 0.14629287626320286
19 0.3322749056645573 0.7383432591147723 0.09747380391519804 0.14629287626320228
19 0.2541038686762024 0.6347347015002802 0.09747380391519786 0.1462928762632027
19 0.4932543697063233 0.927175198688552 0.09747380391519792 0.14629287626320286
