19 0.31930235936170653 0.7971806440655438 0.1462928762632027 0.09747380391519786
19 0.558828411944139 0.09576801234668196 0.1462928762632027 0.09747380391519803
19 0.41861550911996015 0.7183745504759234 0.1462928762632027 0.09747380391519786
19 0.5232616048639788 0.6402035134875683 0.1462928762632027 0.09747380391519786
19 0.6175323193127348 0.5635093523161105 0.14629287626320261 0.09747380391519786
19 0.721140876927227 0.48016924996861654 0.14629287626320303 0.0974738039151981
19 0.8268245108007719 0.4049519646140554 0.1462928762632027 0.09747380391519786
19 0.9190201489904753 0.3238271759919067 0.14629287626320253 0.09747380391519792
19 0.16234359112697377 0.4119228184698091 0.14629287626320286 0.09747380391519804
19 0.25868938183478263 0.3322749056645573 0.14629287626320228 0.09747380391519804
19 0.3622979394492747 0.2541038686762024 0.1462928762632027 0.09747380391519786
19 0.07076010043369092 0.4932543697063233 0.14448755991782694 0.09747380391519792
