19 0.20070742351629356 0.31930235936170653 0.09747380391519786 0.1462928762632027
19 0.9021200552351554 0.558828411944139 0.09747380391519797 0.1462928762632027
19 0.279513517105914 0.41861550911996015 0.09747380391519786 0.1462928762632027
19 0.35768455409426897 0.5232616048639788 0.09747380391519786 0.1462928762632027
19 0.4343787152657268 0.6175323193127348 0.09747380391519786 0.14629287626320261
19 0.5177188176132208 0.721140876927227 0.0974738039151981 0.14629287626320303
19 0.5929361029677819 0.8268245108007719 0.09747380391519786 0.1462928762632027
19 0.6740608915899308 0.9190201489904753 0.09747380391519797 0.14629287626320253
19 0.5859652491120282 0.16234359112697377 0.09747380391519804 0.14629287626320286
19 0.66561316191728 0.25868938183478263 0.09747380391519797 0.14629287626320228
19 0.7437841989056349 0.3622979394492747 0.09747380391519786 0.1462928762632027
19 0.5046336978755139 0.07076010043369092 0.09747380391519786 0.14448755991782694
