19 0.1568861405656658 0.7918269692292923 0.15251810504036029 0.09821224182364632
19 0.7733290448423976 0.7710473264855525 0.1525181050403597 0.0982122418236462
19 0.2578178498059804 0.7192532915869769 0.15251810504036023 0.0982122418236462
19 0.35860430370816104 0.6401370540758081 0.1525181050403597 0.0982122418236462
19 0.45627814322176335 0.562497692381536 0.15251810504036012 0.09821224182364632
19 0.5570645971239443 0.48338145487036693 0.15251810504036012 0.09821224182364661
19 0.7522670208130149 0.3222986095214183 0.15251810504036004 0.09821224182364632
19 0.8572036272333006 0.24687456155249188 0.15251810504036004 0.09821224182364607
19 0.39713846983876655 0.09543571528787997 0.1453798427092195 0.10420835764024779
19 0.8720404224855262 0.6904542131574866 0.1525181050403597 0.09821224182364607
