19 0.7918269692292923 0.840146500383889 0.09821224182364632 0.1525181050403602
19 0.7710473264855525 0.2237035961071572 0.0982122418236462 0.1525181050403597
19 0.7192532915869769 0.7392147911435746 0.0982122418236462 0.15251810504036037
19 0.6401370540758081 0.6384283372413939 0.0982122418236462 0.1525181050403597
19 0.562497692381536 0.5407544977277916 0.09821224182364632 0.15251810504036012
19 0.48338145487036693 0.4399680438256106 0.09821224182364661 0.15251810504036012
19 0.3222986095214183 0.24476562013654007 0.09821224182364632 0.15251810504036004
19 0.24687456155249188 0.13982901371625425 0.09821224182364607 0.15251810504036004
19 0.09543571528787997 0.5998941711107884 0.10420835764024779 0.14537984270921947
19 0.6904542131574866 0.12499221846402891 0.09821224182364607 0.1525181050403597
