19 0.6402625885202443 0.3119980909298417 0.09821224182364632 0.13280488057936135
19 0.5768603097008588 0.4024091635367599 0.09821224182364632 0.13280488057936105
19 0.5112427171561279 0.49593285053225705 0.09821224182364625 0.13280488057936118
19 0.4522710657874334 0.596719304434438 0.09821224182364668 0.13280488057936135
19 0.3910841006933932 0.6964682202070926 0.09821224182364632 0.13280488057936127
19 0.3269433839655593 0.7920669834616422 0.09821224182364632 0.1328048805793611
19 0.08294873025601639 0.48659500736652067 0.09821224182364625 0.1328048805793611
19 0.14951152332356132 0.3829864497520283 0.09821224182364646 0.13280488057936105
19 0.20868993730662153 0.2856031209146935 0.0982122418236464 0.13280488057936105
19 0.27599116828261483 0.19652009711356883 0.09821224182364614 0.13280488057936096
19 0.33590802017412363 0.09809923014670781 0.09821224182364632 0.13280488057936116
