19 0.35762547906159303 0.6850345500197133 0.09821224182364632 0.13280488057936135
19 0.42102775788097857 0.594623477412795 0.09821224182364632 0.13280488057936102
19 0.48664535042570944 0.5010997904172979 0.09821224182364625 0.13280488057936118
19 0.5456170017944039 0.4003133365151169 0.09821224182364668 0.13280488057936135
19 0.6068039668884441 0.3005644207424623 0.09821224182364632 0.13280488057936127
19 0.670944683616278 0.20496565748791282 0.09821224182364632 0.1328048805793611
19 0.9149393373258209 0.5104376335830343 0.0982122418236462 0.1328048805793611
19 0.848376544258276 0.6140461911975266 0.09821224182364656 0.13280488057936102
19 0.7891981302752157 0.7114295200348614 0.09821224182364643 0.13280488057936102
19 0.7218968992992225 0.8005125438359861 0.0982122418236462 0.13280488057936102
19 0.6619800474077137 0.8989334108028472 0.09821224182364632 0.1328048805793611
