19 0.6850345500197133 0.6402625885202443 0.13280488057936135 0.09821224182364632
19 0.594623477412795 0.5768603097008588 0.13280488057936102 0.09821224182364632
19 0.5010997904172979 0.5112427171561279 0.13280488057936118 0.09821224182364625
19 0.4003133365151169 0.4522710657874334 0.13280488057936135 0.09821224182364668
19 0.3005644207424623 0.3910841006933932 0.13280488057936127 0.09821224182364632
19 0.20496565748791282 0.3269433839655593 0.1328048805793611 0.09821224182364632
19 0.5104376335830343 0.08294873025601639 0.1328048805793611 0.09821224182364625
19 0.6140461911975266 0.14951152332356132 0.13280488057936102 0.09821224182364646
19 0.7114295200348614 0.20868993730662153 0.13280488057936102 0.0982122418236464
19 0.8005125438359861 0.27599116828261483 0.13280488057936102 0.09821224182364614
19 0.8989334108028472 0.33590802017412363 0.1328048805793611 0.09821224182364632
