19 0.3119980909298417 0.35762547906159303 0.13280488057936135 0.09821224182364632
19 0.4024091635367599 0.42102775788097857 0.13280488057936105 0.09821224182364632
19 0.49593285053225705 0.48664535042570944 0.13280488057936118 0.09821224182364625
19 0.596719304434438 0.5456170017944039 0.13280488057936135 0.09821224182364668
19 0.6964682202070926 0.6068039668884441 0.13280488057936127 0.09821224182364632
19 0.7920669834616422 0.670944683616278 0.1328048805793611 0.09821224182364632
19 0.48659500736652067 0.9149393373258209 0.1328048805793611 0.0982122418236462
19 0.3829864497520283 0.848376544258276 0.13280488057936105 0.09821224182364656
19 0.2856031209146935 0.7891981302752157 0.13280488057936105 0.09821224182364643
19 0.19652009711356883 0.7218968992992225 0.13280488057936096 0.0982122418236462
19 0.09809923014670781 0.6619800474077137 0.13280488057936116 0.09821224182364632
