19 0.6388226017306137 0.10581815228066545 0.13903010935651877 0.10559662090813093
19 0.3349691851175532 0.3405380258600954 0.13903010935651894 0.10559662090813093
19 0.24484862318690218 0.2724983569756536 0.13903010935651877 0.10559662090813093
19 0.7430121806976407 0.16605991685189145 0.1390301093565186 0.10559662090813093
19 0.8303106389159799 0.2324159473050708 0.13903010935651844 0.10559662090813093
19 0.9248718640410037 0.2928644744906625 0.13903010935651877 0.10559662090813093
19 0.42745533398352387 0.820419285044417 0.13903010935651877 0.10559662090813093
19 0.7222614181071155 0.5832773351252758 0.13903010935651894 0.10559662090813099
19 0.6290282417878857 0.5204067315999732 0.13903010935651886 0.10559662090813124
19 0.5347575273391297 0.45901300389156763 0.13903010935651877 0.10559662090813093
19 0.437374198501795 0.39540396245781656 0.1390301093565189 0.10559662090813093
19 0.05801913220310846 0.5686636489170808 0.11784358075159267 0.09937897371899476
19 0.14420742462285494 0.6339637131611788 0.13222385922682658 0.09706027868646655
19 0.23698408416509295 0.6945746966866291 0.1390301093565186 0.10559662090813093
19 0.3284326949015377 0.7579769755060146 0.13903010935651886 0.10559662090813081
