19 0.10581815228066545 0.35821003921894123 0.10559662090813093 0.13903010935651877
19 0.3405380258600954 0.6620634558320018 0.10559662090813093 0.13903010935651894
19 0.2724983569756536 0.7521840177626528 0.10559662090813093 0.13903010935651886
19 0.16605991685189145 0.2540204602519142 0.10559662090813093 0.1390301093565186
19 0.2324159473050708 0.16672200203357493 0.10559662090813093 0.13903010935651844
19 0.2928644744906625 0.07216077690855129 0.10559662090813093 0.13903010935651877
19 0.820419285044417 0.569577306966031 0.10559662090813093 0.13903010935651877
19 0.5832773351252758 0.27477122284243943 0.10559662090813099 0.13903010935651894
19 0.5204067315999732 0.3680043991616691 0.10559662090813124 0.13903010935651886
19 0.45901300389156763 0.46227511361042517 0.10559662090813093 0.13903010935651877
19 0.39540396245781656 0.55965844244776 0.10559662090813093 0.13903010935651894
19 0.5686636489170808 0.9390135087464464 0.09937897371899476 0.11784358075159282
19 0.6339637131611788 0.8528252163267 0.09706027868646655 0.13222385922682667
19 0.6945746966866291 0.760048556784462 0.10559662090813093 0.1390301093565186
19 0.7579769755060146 0.6685999460480173 0.10559662090813081 0.13903010935651886
