19 0.35821003921894123 0.8920699153011719 0.13903010935651877 0.10559662090813093
19 0.6620634558320018 0.6573500417217418 0.13903010935651894 0.10559662090813093
19 0.7521840177626528 0.7253897106061837 0.13903010935651886 0.10559662090813093
19 0.2540204602519142 0.8318281507299459 0.1390301093565186 0.10559662090813093
19 0.16672200203357493 0.7654721202767665 0.13903010935651844 0.10559662090813093
19 0.07216077690855129 0.7050235930911748 0.13903010935651877 0.10559662090813093
19 0.569577306966031 0.17746878253742032 0.13903010935651877 0.10559662090813088
19 0.27477122284243943 0.4146107324565615 0.13903010935651894 0.10559662090813099
19 0.3680043991616691 0.47748133598186415 0.13903010935651886 0.10559662090813124
19 0.46227511361042517 0.5388750636902697 0.13903010935651877 0.10559662090813093
19 0.55965844244776 0.6024841051240207 0.13903010935651894 0.10559662090813093
19 0.9390135087464464 0.4292244186647565 0.11784358075159282 0.09937897371899476
19 0.8528252163267 0.3639243544206585 0.13222385922682667 0.09706027868646662
19 0.760048556784462 0.30331337089520827 0.1390301093565186 0.1055966209081309
19 0.6685999460480173 0.2399110920758228 0.13903010935651886 0.10559662090813084
