19 0.8920699153011719 0.6388226017306137 0.10559662090813093 0.13903010935651877
19 0.6573500417217418 0.3349691851175532 0.10559662090813093 0.13903010935651894
19 0.7253897106061837 0.24484862318690218 0.10559662090813093 0.13903010935651877
19 0.8318281507299459 0.7430121806976407 0.10559662090813093 0.1390301093565186
19 0.7654721202767665 0.8303106389159799 0.10559662090813093 0.13903010935651844
19 0.7050235930911748 0.9248718640410037 0.10559662090813093 0.13903010935651877
19 0.17746878253742032 0.42745533398352387 0.10559662090813088 0.13903010935651877
19 0.4146107324565615 0.7222614181071155 0.10559662090813099 0.13903010935651894
19 0.47748133598186415 0.6290282417878857 0.10559662090813124 0.13903010935651886
19 0.5388750636902697 0.5347575273391297 0.10559662090813093 0.13903010935651877
19 0.6024841051240207 0.437374198501795 0.10559662090813093 0.1390301093565189
19 0.4292244186647565 0.05801913220310846 0.09937897371899476 0.11784358075159267
19 0.3639243544206585 0.14420742462285494 0.09706027868646662 0.13222385922682658
19 0.30331337089520827 0.23698408416509295 0.1055966209081309 0.1390301093565186
19 0.2399110920758228 0.3284326949015377 0.10559662090813084 0.13903010935651886
