24 0.5858131631299734 0.8654523293607801 0.11915616710875333 0.06771397616468038
24 0.566043600795756 0.7757990249187432 0.11915616710875333 0.06771397616468038
24 0.5379849137931035 0.6861457204767064 0.11915616710875358 0.06771397616468038
24 0.5140707891246685 0.6007245395449621 0.11915616710875339 0.06771397616468028
24 0.48912052387267896 0.5051462621885157 0.11915616710875328 0.06771397616468028
24 0.46313411803713517 0.41633938244853747 0.11915616710875339 0.06771397616468038
24 0.4371477122015914 0.32245395449620806 0.11915616710875315 0.06771397616468038
24 0.4163420092838196 0.23195422535211277 0.11915616710875333 0.06771397616468038
24 0.39139174403183025 0.1346830985915492 0.11915616710875351 0.06771397616468038
24 0.3747306034482758 0.043336944745395595 0.11915616710875321 0.06771397616468038
