24 0.41203166445623346 0.13278710725893822 0.11915616710875333 0.06771397616468035
24 0.4318012267904509 0.2224404117009751 0.11915616710875333 0.06771397616468035
24 0.4598599137931033 0.31209371614301196 0.11915616710875358 0.06771397616468032
24 0.4837740384615384 0.39751489707475623 0.11915616710875339 0.06771397616468032
24 0.508724303713528 0.49309317443120265 0.11915616710875333 0.06771397616468028
24 0.5347107095490717 0.5819000541711808 0.11915616710875339 0.06771397616468038
24 0.5606971153846155 0.6757854821235102 0.11915616710875315 0.06771397616468038
24 0.5815028183023873 0.7662852112676055 0.11915616710875328 0.06771397616468038
24 0.6064530835543765 0.8635563380281691 0.11915616710875346 0.06771397616468038
24 0.623114224137931 0.9549024918743226 0.11915616710875321 0.06771397616468038
