24 0.8654523293607801 0.41203166445623346 0.06771397616468038 0.11915616710875333
24 0.7757990249187432 0.4318012267904509 0.06771397616468038 0.11915616710875333
24 0.6861457204767064 0.4598599137931033 0.06771397616468038 0.11915616710875358
24 0.6007245395449621 0.4837740384615384 0.06771397616468028 0.11915616710875339
24 0.5051462621885157 0.508724303713528 0.06771397616468028 0.11915616710875333
24 0.41633938244853747 0.5347107095490717 0.06771397616468038 0.11915616710875339
24 0.32245395449620806 0.5606971153846155 0.06771397616468038 0.11915616710875315
24 0.23195422535211277 0.5815028183023873 0.06771397616468038 0.11915616710875328
24 0.1346830985915492 0.6064530835543765 0.06771397616468038 0.11915616710875346
24 0.043336944745395595 0.623114224137931 0.06771397616468038 0.11915616710875321
