1 0.4527255959421801 0.8369738174453928 0.0606467651717155 0.12476493562852592
0 0.288959281461136 0.7526761174598583 0.048357023998075274 0.09084333863734975
0 0.3002465967641692 0.6247649356285259 0.04835702399807516 0.09084333863734975
0 0.3130375508731127 0.49504556632431657 0.04835702399807481 0.09084333863734957
0 0.32181880149962877 0.37075075943873864 0.048357023998074636 0.0908433386373497
0 0.5430942881773893 0.2464197888037033 0.04835702399807516 0.09084333863735004
0 0.49172998656749317 0.23332851150007228 0.048357023998075024 0.09084333863734957
0 0.5686761963952763 0.5719296976710545 0.048357023998075094 0.09084333863734975
3 0.32531726778804704 0.2400911326486331 0.034784177710058324 0.07449732388253996
3 0.820776278594198 0.5145016635324751 0.03478417771005836 0.07449732388253986
3 0.811012650614487 0.6297916968031246 0.03478417771005836 0.07449732388253993
