0 0.24775784753363228 0.2885850424694427 0.08968609865470852 0.04972032318210068
0 0.42301943198804176 0.5670188522892066 0.08968609865470852 0.04972032318210068
0 0.7496263079222721 0.544023202817485 0.08968609865470852 0.04972032318210061
0 0.7642002989536623 0.4878806712243629 0.08968609865470852 0.04972032318210068
0 0.6274289985052316 0.3188315724052206 0.08968609865470852 0.04972032318210075
0 0.5000000000000001 0.30930184379531805 0.08968609865470852 0.04972032318210068
0 0.37257100149476824 0.29770043505282784 0.08968609865470852 0.049720323182100644
1 0.16647982062780275 0.45121193287756367 0.13266068759342306 0.06215040397762585
3 0.7550448430493274 0.3253573648228713 0.07660687593423024 0.03832608245286925
3 0.4781390134529149 0.8223534286306196 0.07660687593423024 0.03832608245286932
3 0.36939461883408076 0.8097161798218355 0.07660687593423024 0.03832608245286932
