29 0.24529592175066323 0.8293269230769229 0.11086704244031839 0.06602112676056358
29 0.6499088196286473 0.8801124052004333 0.1224303713527853 0.05599945828819101
24 0.31993948938992045 0.2841955579631636 0.1111157161803715 0.059452871072589494
24 0.35007045755968186 0.3239098049837486 0.1111157161803715 0.059452871072589494
24 0.30188992042440327 0.38866129469122424 0.11024535809018587 0.06551327193932831
24 0.23510029840848823 0.3412276543878656 0.10100298408488081 0.07912378114842916
27 0.24602122015915132 0.7559419014084507 0.11248342175066335 0.06903439869989174
25 0.7221692639257296 0.3238082340195016 0.18820457559681725 0.15459100758396546
25 0.7098184681697614 0.47186484290357533 0.18820457559681725 0.15459100758396546
6 0.84089025198939 0.25941224268689056 0.0775033156498676 0.049769772481040093
6 0.760154177718833 0.25341955579631636 0.0775033156498676 0.049769772481040093
