29 0.1689125135427954 0.24529592175066323 0.06602112676056358 0.11086704244031839
29 0.11812703141928498 0.6499088196286473 0.05599945828819101 0.1224303713527853
24 0.7140438786565547 0.31993948938992045 0.059452871072589494 0.1111157161803715
24 0.6743296316359697 0.35007045755968186 0.059452871072589494 0.1111157161803715
24 0.6095781419284941 0.30188992042440327 0.06551327193932836 0.11024535809018587
24 0.6570117822318526 0.23510029840848823 0.07912378114842912 0.10100298408488081
27 0.24229753521126765 0.24602122015915132 0.06903439869989174 0.11248342175066335
25 0.6744312026002167 0.7221692639257296 0.15459100758396546 0.18820457559681725
25 0.526374593716143 0.7098184681697614 0.15459100758396546 0.18820457559681725
6 0.7388271939328278 0.84089025198939 0.049769772481040093 0.0775033156498676
6 0.744819880823402 0.760154177718833 0.0497697724810402 0.0775033156498676
