4 0.2242237798483914 0.7831994390290354 0.011518221586587015 0.023373790189933595
4 0.2344989933554259 0.7995697491213186 0.011518221586587015 0.023373790189933595
4 0.2654110205384289 0.8453737209342591 0.011518221586587015 0.023373790189933595
4 0.2543295315203333 0.8297132815070035 0.011518221586587015 0.023373790189933595
4 0.27684285546311654 0.8608004224596154 0.011518221586587015 0.023373790189933595
11 0.2974124795131632 0.9201958204200358 0.027835702167585335 0.05064321207818963
13 0.2581785372338511 0.6299712588950257 0.026635887418982526 0.051076060044669955
13 0.3946742622939018 0.6329232820264209 0.026635887418982526 0.051076060044669955
13 0.4524621398456078 0.7159521789566633 0.026635887418982526 0.051076060044669955
13 0.39890720872697255 0.837504544903648 0.026635887418982457 0.051076060044669955
13 0.34007309271448494 0.7534541267725124 0.02663588741898267 0.051076060044669955
13 0.33691038103716775 0.546907734127465 0.026635887418982457 0.05107606004466976
11 0.3606427167645316 0.39017348546496533 0.027115813318423665 0.05194175597763041
11 0.3903549291989316 0.43208182557958336 0.027115813318423665 0.05194175597763041
11 0.4762184718679435 0.5592612150908115 0.027115813318423665 0.05194175597763048
11 0.4459399468722029 0.5176298976747408 0.027115813318423665 0.05194175597763041
11 0.4865368787059278 0.21341568987308898 0.027115813318423665 0.05194175597763045
11 0.516249091140328 0.2570554218536281 0.027115813318423665 0.05194175597763045
11 0.5452414147255664 0.29766521806880547 0.027115813318423665 0.05194175597763035
11 0.5732738865119225 0.34217064598230523 0.027115813318423665 0.05194175597763035
11 0.5348366212256827 0.10316065585123875 0.027115813318423665 0.05194175597763034
11 0.4574581684587899 0.1726500683899787 0.027115813318423665 0.05194175597763045
11 0.5931044246768298 0.18835379261388227 0.027115813318423665 0.05194175597763035
11 0.6225766741615093 0.2328592205273819 0.027115813318423596 0.05194175597763032
11 0.6520489236461888 0.274767560642 0.027115813318423453 0.051941755977630163
