11 0.10137496702716961 0.4648210433956055 0.06182405697705092 0.026962307607940623
11 0.18815945660775518 0.40462654919021673 0.06182405697705092 0.026962307607940623
11 0.2287819836454761 0.3759642452381823 0.06182405697705092 0.026962307607940623
11 0.2743504352413611 0.3454739882279822 0.06182405697705092 0.026962307607940623
11 0.18591730414138746 0.4033835411106642 0.06182405697705092 0.026962307607940623
11 0.16718873648113952 0.5396940006580632 0.06182405697705092 0.026962307607940623
11 0.21440582959641255 0.5119456732351113 0.06182405697705092 0.026962307607940623
11 0.2591499604326035 0.4819124044894527 0.06182405697705089 0.026962307607940623
11 0.29400224215246634 0.4527931122728768 0.06182405697705095 0.026962307607940623
11 0.3403950145080454 0.4245877965853837 0.06182405697705089 0.026962307607940623
11 0.38916183065154314 0.637617445983987 0.06182405697705089 0.02696230760794055
11 0.428135716169876 0.6089551420319526 0.06182405697705095 0.026962307607940623
11 0.5116229227116855 0.5510455891492707 0.06182405697705089 0.026962307607940623
11 0.5555427327881826 0.5223832851972361 0.06182405697705089 0.026962307607940623
13 0.7191209443418624 0.5449767849961612 0.06182405697705089 0.02696230760794048
13 0.6352710366657874 0.7406957189339377 0.06182405697705089 0.02696230760794055
13 0.7566769981535215 0.6576518115014806 0.06182405697705089 0.02696230760794041
13 0.8393398839356371 0.5997422586187985 0.06182405697705089 0.02696230760794048
13 0.5494097863360591 0.6611066427814132 0.06182405697705089 0.02696230760794041
13 0.6361942759166447 0.604111066427814 0.06182405697705089 0.02696230760794048
11 0.9233815723598857 0.7011727624548887 0.05339243320646648 0.026504946291754823
4 0.8636241985940456 0.7204550662470552 0.02854729930653851 0.013847835369020123
4 0.8438373517622009 0.7325653279876293 0.02854729930653851 0.013847835369020123
4 0.8279162850447834 0.7440161689963452 0.02854729930653851 0.013847835369020123
4 0.8009926133863046 0.7643691898851454 0.02854729930653851 0.013847835369020123
4 0.782395237358899 0.7754903205279321 0.02854729930653851 0.013847835369020123
