4 0.2170342988728639 0.22326392804950917 0.026836573921775703 0.01007844388826364
4 0.1689102619595893 0.2553757699811149 0.026836573921775703 0.01007844388826364
4 0.1995645549457209 0.23445580002447622 0.026836573921775703 0.01007844388826364
4 0.15273906193188705 0.26608771605664083 0.026836573921775703 0.01007844388826364
4 0.13664577453815122 0.2773227813625576 0.026836573921775672 0.01007844388826364
11 0.07527658985058087 0.2970525350885823 0.05237460394411067 0.02711581331842363
13 0.367448967224752 0.25793857428413053 0.05150890801115015 0.02615596151954139
13 0.2824549405266894 0.45246213984560785 0.05150890801115015 0.02615596151954146
13 0.36505098949045134 0.3938679867828407 0.05150890801115015 0.02615596151954139
13 0.4506769742195751 0.33719353731783813 0.05150890801115015 0.026155961519541318
13 0.1610237720103191 0.39882082206507313 0.05150890801115012 0.026155961519541318
13 0.24232127707464032 0.3399867060525854 0.05150890801115012 0.02615596151954139
11 0.6091945565039736 0.360402753814811 0.05280745191059088 0.025676035620100252
11 0.6558642242498745 0.5734466598357214 0.05280745191059088 0.025676035620100252
11 0.6986382602974531 0.5453278013874658 0.05280745191059088 0.025676035620100252
11 0.7418451443115119 0.5150492763917252 0.05280745191059088 0.025676035620100252
11 0.43747511124192734 0.4761320852060442 0.05280745191059094 0.025676035620100252
11 0.4798162993230257 0.4460935231600241 0.05280745191059088 0.025676035620100252
11 0.5667408279515901 0.3898989995944626 0.05280745191059056 0.025676035620100252
11 0.7822212026247902 0.48704080090034096 0.05280745191059088 0.025676035620100252
11 0.8267266305382897 0.4570022388543209 0.05280745191059088 0.025676035620100252
11 0.894605848641723 0.5342271153333925 0.05280745191059088 0.025676035620100252
11 0.7248515331474972 0.6520057303152395 0.05280745191059088 0.025676035620100394
11 0.7641627854632338 0.6229270200681015 0.05280745191059088 0.025676035620100252
11 0.8095339093096939 0.5933683839215225 0.05280745191059088 0.025676035620100252
