30 0.8529252437703142 0.7759242374005303 0.08091820151679316 0.15604277188328958
30 0.4697826381365114 0.44833803050397875 0.07878521126760574 0.16275696286472144
30 0.33608139219934996 0.5965475795755968 0.08562432286023831 0.14418932360742706
30 0.5595713705308776 0.4613726790450928 0.07214924160346695 0.15152519893899208
30 0.5299803629469123 0.40183604111405835 0.07729550379198283 0.15678879310344815
30 0.4965804442036837 0.694587201591512 0.07482394366197183 0.1558355437665784
30 0.4322860238353196 0.5930868700265253 0.08504875406283839 0.15591843501326264
30 0.4094664138678224 0.39470739389920423 0.0817307692307693 0.15910974801061006
30 0.5785820693391116 0.7188121684350132 0.0847778981581798 0.1545507294429708
30 0.6158586132177681 0.5230230437665783 0.07807421451787643 0.15670590185676392
30 0.6489030335861322 0.6810759283819628 0.08999187432286028 0.15368037135278506
30 0.6667118093174432 0.42881714190981435 0.07820964247020593 0.15894396551724138
30 0.7018722914409534 0.4703042108753316 0.07912378114842891 0.1590268567639257
30 0.7429577464788732 0.5708512931034483 0.07834507042253522 0.1549651856763926
30 0.8344054712892742 0.5377362400530504 0.08687703141928498 0.1488312334217507
30 0.87210522751896 0.6103075265251989 0.07763407367280611 0.148914124668435
30 0.7206290628385699 0.7305412798408488 0.0777017876489707 0.1489970159151193
30 0.7752573131094258 0.7678837864721485 0.080308775731311 0.15322446949602114
30 0.15645314192849413 0.3595615053050398 0.0817307692307693 0.15910974801061012
30 0.20053494041170108 0.3803672082228117 0.0817307692307693 0.15910974801061006
30 0.22938109425785488 0.4664497679045093 0.0817307692307693 0.15910974801061006
30 0.18458829902491874 0.618845324933687 0.0817307692307693 0.15910974801060987
30 0.32431608884073676 0.36300149204244025 0.0817307692307693 0.15910974801060998
30 0.3347609696641388 0.45971485411140584 0.09652627302275213 0.14613726790450926
30 0.2558911159263273 0.6253108421750662 0.0817307692307693 0.15910974801061006
30 0.0938177139761648 0.43830818965517243 0.0817307692307694 0.15910974801061006
30 0.08626760563380287 0.5896676061007956 0.0817307692307693 0.15910974801060998
