30 0.8409060130010834 0.799030172413793 0.08802816901408461 0.17407161803713517
30 0.8637933369447455 0.6338071949602122 0.08471018418201522 0.17519064986737395
30 0.768215059588299 0.7903473143236074 0.08471018418201522 0.17519064986737415
30 0.797061213434453 0.6142863063660476 0.08471018418201512 0.1751906498673741
30 0.7107936078006502 0.7521758952254641 0.08471018418201512 0.175190649867374
30 0.7340025731310943 0.5997803381962864 0.0824417659804984 0.15687168435013257
30 0.641809994582882 0.7397422082228116 0.0824417659804984 0.15687168435013266
30 0.6748882719393284 0.5740426061007957 0.0824417659804984 0.15687168435013266
30 0.562381500541712 0.7181490384615383 0.0824417659804984 0.15687168435013252
30 0.6013847508125679 0.5555578580901857 0.0824417659804984 0.15687168435013257
30 0.4778744582881908 0.6882667440318302 0.0824417659804984 0.15687168435013266
30 0.4043032231852657 0.6935303381962864 0.0824417659804984 0.15687168435013252
30 0.3205748916576383 0.6708181366047746 0.0824417659804984 0.15687168435013266
30 0.24785008125677158 0.6429252320954907 0.0824417659804984 0.15687168435013266
30 0.1785109696641388 0.626429874005305 0.0824417659804984 0.15687168435013257
30 0.13287174972914423 0.5809225795755969 0.0824417659804984 0.15687168435013266
30 0.06522548754062855 0.591366876657825 0.0824417659804984 0.15687168435013257
30 0.57653372156013 0.4774743037135278 0.0824417659804984 0.15687168435013288
30 0.5241231040086675 0.5449063328912467 0.0824417659804984 0.1568716843501327
30 0.44378047128927417 0.5387723806366047 0.0824417659804984 0.15687168435013266
30 0.3744413596966415 0.5461082559681697 0.0824417659804984 0.15687168435013277
30 0.3054069609967498 0.5066727453580903 0.08860373781148442 0.15508952254641908
30 0.23772684182015175 0.4953166445623342 0.08020720476706404 0.1531001326259946
30 0.16584845612134347 0.4394479442970822 0.08020720476706404 0.1531001326259946
30 0.08804509750812563 0.440566976127321 0.08020720476706404 0.1531001326259946
30 0.7778473726977249 0.4980313328912467 0.11088163596966404 0.13780669761273195
30 0.4537344257854822 0.41729525862068967 0.11088163596966404 0.137806697612732
