30 0.7759242374005303 0.14531419284940414 0.15604277188328958 0.08091820151679313
30 0.44833803050397875 0.5284567984832069 0.16275696286472144 0.07878521126760574
30 0.5965475795755968 0.6621580444203684 0.14418932360742706 0.08562432286023831
30 0.4613726790450928 0.43866806608884074 0.15152519893899208 0.07214924160346695
30 0.40183604111405835 0.468259073672806 0.15678879310344815 0.07729550379198283
30 0.694587201591512 0.5016589924160346 0.1558355437665784 0.07482394366197183
30 0.5930868700265253 0.5659534127843987 0.15591843501326264 0.08504875406283839
30 0.39470739389920423 0.588773022751896 0.15910974801061006 0.0817307692307693
30 0.7188121684350132 0.4196573672806067 0.1545507294429708 0.0847778981581798
30 0.5230230437665783 0.3823808234019501 0.15670590185676392 0.07807421451787643
30 0.6810759283819628 0.3493364030335861 0.15368037135278506 0.08999187432286028
30 0.42881714190981435 0.3315276273022752 0.15894396551724138 0.07820964247020587
30 0.4703042108753316 0.2963671451787649 0.1590268567639257 0.07912378114842897
30 0.5708512931034483 0.25528169014084506 0.1549651856763926 0.07834507042253516
30 0.5377362400530504 0.16383396533044417 0.1488312334217507 0.08687703141928498
30 0.6103075265251989 0.12613420910075837 0.148914124668435 0.07763407367280606
30 0.7305412798408488 0.27761037378114845 0.1489970159151193 0.07770178764897075
30 0.7678837864721485 0.2229821235102925 0.15322446949602114 0.08030877573131094
30 0.3595615053050398 0.8417862946912242 0.15910974801061012 0.0817307692307693
30 0.3803672082228117 0.7977044962080173 0.15910974801061006 0.0817307692307693
30 0.4664497679045093 0.7688583423618635 0.15910974801061006 0.0817307692307693
30 0.618845324933687 0.8136511375947997 0.15910974801060987 0.0817307692307693
30 0.36300149204244025 0.6739233477789817 0.15910974801060998 0.0817307692307693
30 0.45971485411140584 0.6634784669555795 0.14613726790450926 0.09652627302275213
30 0.6253108421750662 0.742348320693391 0.15910974801061006 0.0817307692307693
30 0.43830818965517243 0.9044217226435535 0.15910974801061006 0.0817307692307694
30 0.5896676061007956 0.9119718309859155 0.15910974801060998 0.0817307692307693
