30 0.799030172413793 0.1573334236186349 0.17407161803713517 0.08802816901408453
30 0.6338071949602122 0.13444609967497292 0.17519064986737395 0.08471018418201515
30 0.7903473143236074 0.23002437703141926 0.17519064986737415 0.08471018418201515
30 0.6142863063660476 0.2011782231852654 0.1751906498673741 0.08471018418201515
30 0.7521758952254641 0.2874458288190682 0.175190649867374 0.08471018418201512
30 0.5997803381962864 0.264236863488624 0.15687168435013257 0.0824417659804984
30 0.7397422082228116 0.35642944203683635 0.15687168435013266 0.0824417659804984
30 0.5740426061007957 0.3233511646803899 0.15687168435013266 0.0824417659804984
30 0.7181490384615383 0.4358579360780064 0.15687168435013252 0.0824417659804984
30 0.5555578580901857 0.39685468580715044 0.15687168435013257 0.0824417659804984
30 0.6882667440318302 0.5203649783315275 0.15687168435013266 0.0824417659804984
30 0.6935303381962864 0.5939362134344527 0.15687168435013252 0.0824417659804984
30 0.6708181366047746 0.67766454496208 0.15687168435013266 0.0824417659804984
30 0.6429252320954907 0.7503893553629468 0.15687168435013266 0.0824417659804984
30 0.626429874005305 0.8197284669555795 0.15687168435013257 0.0824417659804984
30 0.5809225795755969 0.8653676868905741 0.15687168435013266 0.0824417659804984
30 0.591366876657825 0.9330139490790897 0.15687168435013257 0.0824417659804984
30 0.4774743037135278 0.42170571505958826 0.15687168435013288 0.0824417659804984
30 0.5449063328912467 0.4741163326110509 0.1568716843501327 0.0824417659804984
30 0.5387723806366047 0.5544589653304441 0.15687168435013266 0.0824417659804984
30 0.5461082559681697 0.6237980769230768 0.15687168435013277 0.0824417659804984
30 0.5066727453580903 0.6928324756229685 0.15508952254641908 0.08860373781148442
30 0.4953166445623342 0.7605125947995666 0.1531001326259946 0.08020720476706404
30 0.4394479442970822 0.8323909804983749 0.1531001326259946 0.08020720476706404
30 0.440566976127321 0.9101943391115928 0.1531001326259946 0.08020720476706404
30 0.4980313328912467 0.2203920639219935 0.13780669761273195 0.11088163596966408
30 0.41729525862068967 0.5445050108342362 0.137806697612732 0.11088163596966404
