30 0.21539290450928378 0.8527559588299025 0.1637102122015915 0.07956392199349943
30 0.37798408488063656 0.8773699891657639 0.16371021220159143 0.07956392199349954
30 0.4422248010610079 0.8303934182015168 0.16594827586206895 0.10255281690140845
30 0.21993120026525198 0.7745632448537378 0.16292274535809018 0.07553494041170093
30 0.2546004641909814 0.7233884073672806 0.16196949602122018 0.07983477789815813
30 0.2980354774535808 0.6548957204767063 0.16196949602122018 0.07983477789815802
30 0.4129641909814323 0.7463773022751895 0.16196949602122018 0.07983477789815802
30 0.5102785145888593 0.7049702058504875 0.16196949602122024 0.07983477789815813
30 0.5526773872679045 0.6754130552546045 0.1619694960212203 0.07983477789815813
30 0.4624502652519893 0.6179238894907908 0.1619694960212203 0.07983477789815802
30 0.27275364721485407 0.5824417659804985 0.1619694960212203 0.07983477789815813
30 0.29650198938992034 0.5029455579631635 0.1619694960212203 0.07983477789815813
30 0.5264423076923077 0.5656486998916576 0.1619694960212203 0.07983477789815813
30 0.5346485411140584 0.47514897074756224 0.16196949602122035 0.07983477789815813
30 0.39468667108753297 0.4328954496208017 0.1619694960212201 0.07983477789815813
30 0.39039704907161793 0.34244650595882986 0.15977287798408502 0.09158315276273014
30 0.6208968832891246 0.41611931202600205 0.16918103448275873 0.08318661971830986
30 0.5250124336870026 0.3327803358613217 0.14336041114058357 0.09595070422535201
30 0.6171875 0.32985170639219935 0.16416611405835552 0.08840059588299023
30 0.3684723143236074 0.25836267605633806 0.16839356763925736 0.08085048754062836
30 0.3746062665782493 0.18902356446370525 0.16839356763925736 0.08085048754062836
30 0.5237276193633953 0.2347982123510293 0.16839356763925747 0.08085048754062836
30 0.6034275530503981 0.2035482123510294 0.16839356763925753 0.08085048754062836
30 0.6230313328912469 0.15621614301191786 0.16839356763925753 0.08085048754062836
30 0.39986737400530503 0.09093986998916588 0.15948275862068953 0.08626760563380292
30 0.5500248673740052 0.09777898158179855 0.15948275862068928 0.08626760563380292
