30 0.7948856100795756 0.14886917659804982 0.16163793103448276 0.0846424702058505
30 0.6281498673740052 0.13018011917659802 0.16163793103448262 0.0846424702058505
30 0.7919429708222812 0.2274512459371614 0.16163793103448287 0.08464247020585047
30 0.7526525198938995 0.2824011375947995 0.1616379310344825 0.08464247020585047
30 0.6014588859416449 0.2603263813651138 0.16163793103448226 0.08464247020585047
30 0.7051558355437669 0.3499796858071506 0.16163793103448226 0.08464247020585047
30 0.7394313660477457 0.42355092091007596 0.1616379310344824 0.08464247020585042
30 0.7146468832891251 0.5013542795232937 0.1616379310344824 0.08464247020585042
30 0.5631216843501327 0.17526069880823406 0.15815649867374013 0.09957340195016239
30 0.49840434350132634 0.3059994582881907 0.16342009283819633 0.08355904658721548
30 0.4549693302387269 0.3313244853737812 0.16342009283819625 0.08355904658721548
30 0.5493410145888596 0.3837351029252438 0.16342009283819603 0.08355904658721548
30 0.48518318965517265 0.43868499458288196 0.16342009283819584 0.08355904658721548
30 0.6158197944297087 0.5664274106175514 0.16342009283819564 0.08355904658721548
30 0.4718791445623346 0.5274241603466956 0.16342009283819559 0.08355904658721548
30 0.38907078912466886 0.5866061755146263 0.16342009283819553 0.08355904658721548
30 0.6199229111405837 0.6629536836403034 0.15156664456233437 0.08911159263271924
30 0.4811215185676394 0.667998374864572 0.13921584880636623 0.09595070422535201
30 0.38583803050397897 0.6734662784398701 0.15587698938992064 0.09178629469122412
30 0.64081150530504 0.7444982394366197 0.15587698938992045 0.09178629469122412
30 0.6371850132625996 0.8177139761646804 0.15293435013262635 0.08430390032502705
30 0.48909980106100825 0.769400054171181 0.15293435013262635 0.08430390032502705
30 0.39800232095490734 0.7981107800650055 0.1529343501326264 0.08430390032502705
30 0.3813826259946952 0.8493533315276273 0.16561671087533192 0.08366061755146263
30 0.6052718832891248 0.9102281960996748 0.16561671087533203 0.08366061755146263
30 0.4530421087533158 0.9093140574214517 0.16561671087533186 0.08366061755146263
