30 0.8480498374864572 0.7927511604774535 0.0817307692307694 0.15910974801061023
30 0.5721830985915494 0.7379186007957561 0.0817307692307694 0.15910974801060962
30 0.6484290357529795 0.7079534151193635 0.0817307692307694 0.15910974801060976
30 0.70182150595883 0.4976997679045092 0.0817307692307694 0.15910974801061012
30 0.7399783315276274 0.5962160145888593 0.0817307692307694 0.15910974801061012
30 0.7146533044420369 0.7548284151193635 0.0817307692307694 0.15910974801060976
30 0.7722778981581798 0.7901400862068966 0.0817307692307694 0.15910974801061012
30 0.8705308775731312 0.628585046419098 0.0817307692307694 0.15910974801061023
30 0.8350487540628386 0.564427221485411 0.0817307692307694 0.15910974801061023
30 0.6670503791982666 0.45202669098143256 0.0817307692307694 0.1591097480106098
30 0.6129469122426869 0.5412176724137933 0.0817307692307693 0.15910974801060987
30 0.5588434452871074 0.4749875663129975 0.0817307692307694 0.15910974801060987
30 0.5284398699891658 0.41186588196286483 0.0817307692307693 0.15910974801060992
30 0.49549702058504885 0.7113934018567639 0.0817307692307694 0.15910974801060998
30 0.42531148429035764 0.6088983753315651 0.0817307692307694 0.15910974801061006
30 0.46685400866738913 0.4639215848806366 0.0817307692307694 0.15910974801061023
30 0.39920774647887347 0.40701674403183025 0.0817307692307694 0.15910974801061017
30 0.3336944745395451 0.6117581233421752 0.09100758396533072 0.15388759946949615
30 0.25165899241603473 0.6367083885941646 0.09100758396533072 0.1538875994694961
30 0.3299532773564465 0.47662466843501333 0.09876083423618649 0.15094496021220186
30 0.31686755146262197 0.3834134615384616 0.0945964247020586 0.16346153846153869
30 0.17724133261105093 0.6274660145888595 0.07773564463705325 0.16458057029177742
30 0.2230159804983749 0.4845615053050399 0.07773564463705325 0.16458057029177725
30 0.1917659804983749 0.3955363063660479 0.07773564463705325 0.16458057029177706
30 0.14781960996749732 0.3769686671087536 0.07773564463705325 0.16458057029177706
30 0.09019501625135443 0.4494156167108754 0.08477789815818002 0.16283985411140617
30 0.08518418201516814 0.6028473143236075 0.08477789815818002 0.16283985411140622
