30 0.2029592175066313 0.8493702600216686 0.1616379310344827 0.08464247020585042
30 0.3696949602122015 0.8680593174431201 0.1616379310344827 0.08464247020585042
30 0.2059018567639257 0.7707881906825568 0.16163793103448285 0.08464247020585042
30 0.24519230769230746 0.7158382990249187 0.16163793103448248 0.08464247020585042
30 0.39638594164456203 0.7379130552546045 0.16163793103448232 0.08464247020585051
30 0.29268899204244 0.6482597508125677 0.16163793103448232 0.08464247020585051
30 0.25841346153846123 0.5746885157096424 0.16163793103448232 0.08464247020585042
30 0.28319794429708195 0.4968851570964246 0.16163793103448232 0.08464247020585042
30 0.4347231432360742 0.8229787378114842 0.15815649867374013 0.09957340195016244
30 0.49944048408488056 0.6922399783315276 0.16342009283819633 0.0835590465872156
30 0.54287549734748 0.6669149512459371 0.16342009283819625 0.08355904658721548
30 0.4485038129973472 0.6145043336944745 0.16342009283819595 0.08355904658721548
30 0.5126616379310343 0.5595544420368365 0.1634200928381959 0.08355904658721548
30 0.3820250331564982 0.4318120260021669 0.16342009283819564 0.08355904658721548
30 0.5259656830238723 0.4708152762730227 0.16342009283819559 0.08355904658721548
30 0.608774038461538 0.4116332611050921 0.16342009283819553 0.08355904658721548
30 0.37792191644562334 0.33528575297941493 0.15156664456233432 0.08911159263271924
30 0.5167233090185674 0.3302410617551462 0.13921584880636614 0.09595070422535201
30 0.6120067970822279 0.3247731581798483 0.15587698938992064 0.09178629469122412
30 0.35703332228116685 0.25374119718309857 0.15587698938992053 0.09178629469122412
30 0.3606598143236072 0.18052546045503784 0.15293435013262627 0.08430390032502705
30 0.5087450265251987 0.22883938244853738 0.15293435013262627 0.08430390032502705
30 0.5998425066312996 0.20012865655471287 0.1529343501326264 0.08430390032502705
30 0.6164622015915117 0.14888610509209113 0.16561671087533192 0.08366061755146263
30 0.3925729442970821 0.08801124052004364 0.16561671087533197 0.08366061755146263
30 0.5448027188328911 0.08892537919826672 0.16561671087533186 0.08366061755146263
