30 0.22192059018567661 0.8529252437703142 0.15604277188328958 0.08091820151679316
30 0.5495067970822282 0.4697826381365114 0.16275696286472144 0.07878521126760574
30 0.4012972480106101 0.33608139219934996 0.144189323607427 0.08562432286023831
30 0.536472148541114 0.5595713705308776 0.15152519893899208 0.07214924160346695
30 0.5960087864721485 0.5299803629469123 0.15678879310344815 0.07729550379198283
30 0.3032576259946949 0.4965804442036837 0.15583554376657827 0.07482394366197183
30 0.40475795755968175 0.4322860238353196 0.15591843501326258 0.08504875406283839
30 0.6031374336870027 0.4094664138678224 0.15910974801061006 0.0817307692307693
30 0.27903265915119363 0.5785820693391116 0.1545507294429708 0.0847778981581798
30 0.47482178381962864 0.6158586132177681 0.15670590185676384 0.07807421451787643
30 0.316768899204244 0.6489030335861322 0.15368037135278512 0.08999187432286028
30 0.5690276856763925 0.6667118093174432 0.15894396551724138 0.07820964247020593
30 0.5275406167108753 0.7018722914409534 0.1590268567639257 0.07912378114842891
30 0.4269935344827586 0.7429577464788732 0.15496518567639253 0.07834507042253522
30 0.46010858753315653 0.8344054712892742 0.14883123342175064 0.08687703141928498
30 0.3875373010610079 0.87210522751896 0.148914124668435 0.07763407367280611
30 0.2673035477453581 0.7206290628385699 0.1489970159151193 0.0777017876489707
30 0.22996104111405838 0.7752573131094258 0.15322446949602117 0.080308775731311
30 0.6382833222811671 0.15645314192849413 0.15910974801061012 0.0817307692307693
30 0.6174776193633952 0.20053494041170108 0.15910974801061006 0.0817307692307693
30 0.5313950596816975 0.22938109425785488 0.15910974801061006 0.0817307692307693
30 0.37899950265251986 0.18458829902491874 0.15910974801060992 0.0817307692307693
30 0.6348433355437667 0.32431608884073676 0.15910974801060998 0.0817307692307693
30 0.5381299734748011 0.3347609696641388 0.14613726790450926 0.09652627302275213
30 0.37253398541114063 0.2558911159263273 0.15910974801061012 0.0817307692307693
30 0.5595366379310345 0.0938177139761648 0.15910974801061006 0.0817307692307694
30 0.40817722148541113 0.08626760563380287 0.15910974801061006 0.0817307692307693
