30 0.15018959913326108 0.20509366710875343 0.0817307692307694 0.15910974801061017
30 0.42605633802816895 0.2599262267904508 0.08173076923076936 0.15910974801060973
30 0.34981040086673887 0.28989141246684336 0.0817307692307694 0.15910974801060976
30 0.29641793066088834 0.5001450596816976 0.0817307692307694 0.15910974801061012
30 0.258261105092091 0.4016288129973476 0.0817307692307694 0.15910974801061017
30 0.2835861321776814 0.2430164124668434 0.0817307692307694 0.1591097480106098
30 0.22596153846153846 0.20770474137931036 0.0817307692307694 0.15910974801061006
30 0.12770855904658718 0.3692597811671089 0.0817307692307694 0.15910974801061023
30 0.1631906825568797 0.43341760610079594 0.0817307692307694 0.15910974801061023
30 0.3311890574214517 0.5458181366047743 0.08173076923076936 0.1591097480106098
30 0.3852925243770314 0.45662715517241365 0.08173076923076936 0.15910974801060987
30 0.439395991332611 0.5228572612732094 0.08173076923076936 0.15910974801060987
30 0.4697995666305525 0.5859789456233421 0.08173076923076936 0.15910974801060992
30 0.5027424160346695 0.28645142572944293 0.0817307692307694 0.15910974801060998
30 0.5729279523293607 0.3889464522546418 0.0817307692307694 0.15910974801060998
30 0.5313854279523292 0.5339232427055702 0.0817307692307694 0.15910974801061023
30 0.5990316901408449 0.5908280835543767 0.0817307692307694 0.15910974801061017
30 0.6645449620801732 0.3860867042440318 0.09100758396533072 0.1538875994694961
30 0.7465804442036836 0.36113643899204234 0.09100758396533072 0.1538875994694961
30 0.6682861592632718 0.5212201591511936 0.09876083423618649 0.1509449602122018
30 0.6813718851570963 0.6144313660477453 0.0945964247020586 0.16346153846153869
30 0.8209981040086675 0.3703788129973473 0.07773564463705325 0.16458057029177736
30 0.7752234561213435 0.513283322281167 0.07773564463705325 0.1645805702917773
30 0.8064734561213435 0.602308521220159 0.07773564463705325 0.16458057029177706
30 0.850419826652221 0.6208761604774533 0.07773564463705325 0.16458057029177706
30 0.908044420368364 0.5484292108753315 0.08477789815818002 0.16283985411140617
30 0.9130552546045503 0.3949975132625994 0.08477789815818002 0.16283985411140622
