30 0.8493702600216686 0.7948856100795756 0.08464247020585042 0.16163793103448276
30 0.8680593174431201 0.6281498673740052 0.08464247020585042 0.16163793103448262
30 0.7707881906825568 0.7919429708222812 0.08464247020585042 0.16163793103448287
30 0.7158382990249187 0.7526525198938995 0.08464247020585042 0.1616379310344825
30 0.7379130552546045 0.6014588859416449 0.08464247020585051 0.16163793103448226
30 0.6482597508125677 0.7051558355437669 0.08464247020585051 0.16163793103448226
30 0.5746885157096424 0.7394313660477457 0.08464247020585042 0.1616379310344824
30 0.4968851570964246 0.7146468832891251 0.08464247020585042 0.1616379310344824
30 0.8229787378114842 0.5631216843501327 0.09957340195016244 0.15815649867374013
30 0.6922399783315276 0.49840434350132634 0.0835590465872156 0.16342009283819633
30 0.6669149512459371 0.4549693302387269 0.08355904658721548 0.16342009283819625
30 0.6145043336944745 0.5493410145888596 0.08355904658721548 0.16342009283819603
30 0.5595544420368365 0.48518318965517265 0.08355904658721548 0.16342009283819584
30 0.4318120260021669 0.6158197944297087 0.08355904658721548 0.16342009283819564
30 0.4708152762730227 0.4718791445623346 0.08355904658721548 0.16342009283819559
30 0.4116332611050921 0.38907078912466886 0.08355904658721548 0.16342009283819553
30 0.33528575297941493 0.6199229111405837 0.08911159263271924 0.15156664456233437
30 0.3302410617551462 0.4811215185676394 0.09595070422535201 0.13921584880636623
30 0.3247731581798483 0.38583803050397897 0.09178629469122412 0.15587698938992064
30 0.25374119718309857 0.64081150530504 0.09178629469122412 0.15587698938992045
30 0.18052546045503784 0.6371850132625996 0.08430390032502705 0.15293435013262635
30 0.22883938244853738 0.48909980106100825 0.08430390032502705 0.15293435013262635
30 0.20012865655471287 0.39800232095490734 0.08430390032502705 0.1529343501326264
30 0.14888610509209113 0.3813826259946952 0.08366061755146263 0.16561671087533192
30 0.08801124052004364 0.6052718832891248 0.08366061755146263 0.16561671087533203
30 0.08892537919826672 0.4530421087533158 0.08366061755146263 0.16561671087533186
