30 0.14531419284940414 0.22192059018567661 0.08091820151679313 0.15604277188328958
30 0.5284567984832069 0.5495067970822282 0.07878521126760574 0.16275696286472144
30 0.6621580444203684 0.4012972480106101 0.08562432286023831 0.144189323607427
30 0.43866806608884074 0.536472148541114 0.07214924160346695 0.15152519893899208
30 0.468259073672806 0.5960087864721485 0.07729550379198283 0.15678879310344815
30 0.5016589924160346 0.3032576259946949 0.07482394366197183 0.15583554376657827
30 0.5659534127843987 0.40475795755968175 0.08504875406283839 0.15591843501326258
30 0.588773022751896 0.6031374336870027 0.0817307692307693 0.15910974801061006
30 0.4196573672806067 0.27903265915119363 0.0847778981581798 0.1545507294429708
30 0.3823808234019501 0.47482178381962864 0.07807421451787643 0.15670590185676384
30 0.3493364030335861 0.316768899204244 0.08999187432286028 0.15368037135278512
30 0.3315276273022752 0.5690276856763925 0.07820964247020587 0.15894396551724138
30 0.2963671451787649 0.5275406167108753 0.07912378114842897 0.1590268567639257
30 0.25528169014084506 0.4269935344827586 0.07834507042253516 0.15496518567639253
30 0.16383396533044417 0.46010858753315653 0.08687703141928498 0.14883123342175064
30 0.12613420910075837 0.3875373010610079 0.07763407367280606 0.148914124668435
30 0.27761037378114845 0.2673035477453581 0.07770178764897075 0.1489970159151193
30 0.2229821235102925 0.22996104111405838 0.08030877573131094 0.15322446949602117
30 0.8417862946912242 0.6382833222811671 0.0817307692307693 0.15910974801061012
30 0.7977044962080173 0.6174776193633952 0.0817307692307693 0.15910974801061006
30 0.7688583423618635 0.5313950596816975 0.0817307692307693 0.15910974801061006
30 0.8136511375947997 0.37899950265251986 0.0817307692307693 0.15910974801060992
30 0.6739233477789817 0.6348433355437667 0.0817307692307693 0.15910974801060998
30 0.6634784669555795 0.5381299734748011 0.09652627302275213 0.14613726790450926
30 0.742348320693391 0.37253398541114063 0.0817307692307693 0.15910974801061012
30 0.9044217226435535 0.5595366379310345 0.0817307692307694 0.15910974801061006
30 0.9119718309859155 0.40817722148541113 0.0817307692307693 0.15910974801061006
