30 0.8527559588299025 0.7824519230769231 0.07956392199349943 0.1637102122015915
30 0.8773699891657639 0.6198607427055703 0.07956392199349954 0.16371021220159143
30 0.8303934182015168 0.5556200265251989 0.10255281690140845 0.16594827586206895
30 0.7745632448537378 0.7779136273209549 0.07553494041170093 0.16292274535809012
30 0.7233884073672806 0.7432443633952255 0.07983477789815813 0.16196949602122024
30 0.6548957204767063 0.699809350132626 0.07983477789815802 0.1619694960212201
30 0.7463773022751895 0.5848806366047746 0.07983477789815802 0.16196949602122018
30 0.7049702058504875 0.4875663129973476 0.07983477789815813 0.16196949602122024
30 0.6754130552546045 0.4451674403183024 0.07983477789815813 0.1619694960212203
30 0.6179238894907908 0.5353945623342176 0.07983477789815802 0.1619694960212203
30 0.5824417659804985 0.7250911803713529 0.07983477789815813 0.16196949602122024
30 0.5029455579631635 0.7013428381962864 0.07983477789815813 0.16196949602122035
30 0.5656486998916576 0.47140251989389925 0.07983477789815813 0.16196949602122035
30 0.47514897074756224 0.46319628647214856 0.07983477789815813 0.16196949602122035
30 0.4328954496208017 0.6031581564986739 0.07983477789815813 0.16196949602122004
30 0.34244650595882986 0.607447778514589 0.09158315276273014 0.15977287798408507
30 0.41611931202600205 0.3769479442970822 0.08318661971830986 0.16918103448275873
30 0.3327803358613217 0.4728323938992043 0.09595070422535201 0.14336041114058357
30 0.32985170639219935 0.38065732758620696 0.08840059588299023 0.16416611405835552
30 0.25836267605633806 0.6293725132625996 0.08085048754062836 0.16839356763925736
30 0.18902356446370525 0.6232385610079576 0.08085048754062836 0.1683935676392573
30 0.2347982123510293 0.4741172082228116 0.08085048754062836 0.16839356763925747
30 0.2035482123510294 0.3944172745358088 0.08085048754062836 0.16839356763925753
30 0.15621614301191786 0.37481349469496 0.08085048754062836 0.16839356763925753
30 0.09093986998916588 0.5979774535809018 0.08626760563380292 0.15948275862068959
30 0.09777898158179855 0.44781996021220166 0.08626760563380292 0.15948275862068928
