30 0.7927511604774535 0.15018959913326108 0.15910974801061023 0.0817307692307694
30 0.7379186007957561 0.42605633802816895 0.15910974801060962 0.08173076923076936
30 0.7079534151193635 0.34981040086673887 0.15910974801060976 0.0817307692307694
30 0.4976997679045092 0.29641793066088834 0.15910974801061012 0.0817307692307694
30 0.5962160145888593 0.258261105092091 0.15910974801061012 0.0817307692307694
30 0.7548284151193635 0.2835861321776814 0.15910974801060976 0.0817307692307694
30 0.7901400862068966 0.22596153846153846 0.15910974801061012 0.0817307692307694
30 0.628585046419098 0.12770855904658718 0.15910974801061023 0.0817307692307694
30 0.564427221485411 0.1631906825568797 0.15910974801061023 0.0817307692307694
30 0.45202669098143256 0.3311890574214517 0.1591097480106098 0.08173076923076936
30 0.5412176724137933 0.3852925243770314 0.15910974801060987 0.08173076923076936
30 0.4749875663129975 0.439395991332611 0.15910974801060987 0.08173076923076936
30 0.41186588196286483 0.4697995666305525 0.15910974801060992 0.08173076923076936
30 0.7113934018567639 0.5027424160346695 0.15910974801060998 0.0817307692307694
30 0.6088983753315651 0.5729279523293607 0.15910974801061006 0.0817307692307694
30 0.4639215848806366 0.5313854279523292 0.15910974801061023 0.0817307692307694
30 0.40701674403183025 0.5990316901408449 0.15910974801061017 0.0817307692307694
30 0.6117581233421752 0.6645449620801732 0.15388759946949615 0.09100758396533072
30 0.6367083885941646 0.7465804442036836 0.1538875994694961 0.09100758396533072
30 0.47662466843501333 0.6682861592632718 0.15094496021220186 0.09876083423618649
30 0.3834134615384616 0.6813718851570963 0.16346153846153869 0.0945964247020586
30 0.6274660145888595 0.8209981040086675 0.16458057029177742 0.07773564463705325
30 0.4845615053050399 0.7752234561213435 0.16458057029177725 0.07773564463705325
30 0.3955363063660479 0.8064734561213435 0.16458057029177706 0.07773564463705325
30 0.3769686671087536 0.850419826652221 0.16458057029177706 0.07773564463705325
30 0.4494156167108754 0.908044420368364 0.16283985411140617 0.08477789815818002
30 0.6028473143236075 0.9130552546045503 0.16283985411140622 0.08477789815818002
