30 0.19881465517241378 0.8409060130010834 0.17407161803713528 0.08802816901408461
30 0.3640376326259947 0.8637933369447455 0.17519064986737395 0.08471018418201522
30 0.2074975132625996 0.768215059588299 0.17519064986737418 0.08471018418201522
30 0.3835585212201592 0.797061213434453 0.1751906498673741 0.08471018418201512
30 0.24566893236074275 0.7107936078006502 0.175190649867374 0.08471018418201512
30 0.39806448938992045 0.7340025731310943 0.15687168435013257 0.0824417659804984
30 0.25810261936339524 0.641809994582882 0.15687168435013257 0.0824417659804984
30 0.42380222148541113 0.6748882719393284 0.15687168435013257 0.0824417659804984
30 0.2796957891246685 0.562381500541712 0.15687168435013257 0.0824417659804984
30 0.44228696949602125 0.6013847508125679 0.15687168435013257 0.0824417659804984
30 0.30957808355437666 0.4778744582881908 0.15687168435013257 0.0824417659804984
30 0.30431448938992045 0.4043032231852657 0.15687168435013257 0.0824417659804984
30 0.3270266909814323 0.3205748916576383 0.15687168435013257 0.0824417659804984
30 0.3549195954907162 0.24785008125677158 0.15687168435013257 0.0824417659804984
30 0.3714149535809018 0.1785109696641388 0.15687168435013257 0.0824417659804984
30 0.41692224801061 0.13287174972914423 0.15687168435013257 0.0824417659804984
30 0.40647795092838196 0.06522548754062855 0.15687168435013257 0.0824417659804984
30 0.5203705238726791 0.57653372156013 0.15687168435013282 0.0824417659804984
30 0.4529384946949602 0.5241231040086675 0.1568716843501327 0.0824417659804984
30 0.4590724469496022 0.44378047128927417 0.1568716843501327 0.0824417659804984
30 0.45173657161803726 0.3744413596966415 0.1568716843501327 0.0824417659804984
30 0.49117208222811665 0.3054069609967498 0.15508952254641903 0.08860373781148442
30 0.5025281830238726 0.23772684182015175 0.15310013262599464 0.08020720476706404
30 0.5583968832891246 0.16584845612134347 0.1531001326259946 0.08020720476706404
30 0.557277851458886 0.08804509750812563 0.1531001326259946 0.08020720476706404
30 0.4998134946949602 0.7778473726977249 0.137806697612732 0.11088163596966404
30 0.5805495689655172 0.4537344257854822 0.137806697612732 0.11088163596966404
