14 0.07032895713822138 0.3699253938648359 0.04620030030195196 0.08532084606532002
8 0.43298481440129355 0.11780229374181514 0.05679336915689957 0.09748402714393425
8 0.3932415560701144 0.21873883884281123 0.05679336915689957 0.09748402714393427
8 0.35074827986381907 0.3196753839438073 0.05679336915689957 0.09748402714393424
8 0.3093550108075702 0.421604031906028 0.05679336915689957 0.09748402714393421
8 0.2696117524763911 0.5225405770070239 0.05679336915689964 0.09748402714393421
8 0.22656847269507252 0.6324060478590418 0.05679336915689953 0.09748402714393363
8 0.5404775131038351 0.24026747093138612 0.05679336915689957 0.09748402714393424
8 0.5012842583476792 0.3412040160323822 0.05679336915689957 0.09748402714393421
8 0.4191907247397107 0.5522639787293143 0.05679336915689957 0.09748402714393357
8 0.3788974628335084 0.6571689352752091 0.05679336915689957 0.09748402714393414
