8 0.6212438752944918 0.34221503806444886 0.05853700839753137 0.09646469913442485
8 0.5665226126295401 0.8809573469600585 0.058537008397531155 0.09646469913442485
8 0.6071949932790841 0.7783397643132756 0.058537008397531155 0.09646469913442497
8 0.6485900530446471 0.6757221816664929 0.05853700839753144 0.09646469913442485
8 0.6885397545781722 0.57049744498905 0.05853700839753144 0.09646469913442485
8 0.729934814343735 0.46657628532693707 0.058537008397531155 0.09646469913442485
8 0.772052553225317 0.3665658567108145 0.05853700839753158 0.09646469913442485
8 0.45861216702559726 0.7567003858587964 0.05853700839753151 0.09646469913442485
8 0.4971165103270844 0.6501720721660236 0.058537008397531225 0.09646469913442485
8 0.5789816005897062 0.4471790593388257 0.0585370083975313 0.09646469913442497
14 0.9301891973925738 0.623135884868078 0.04914217988928555 0.09255396808843465
