14 0.6279895366218237 0.07157654858089911 0.08408071748878923 0.042469442718044335
8 0.3626681614349777 0.22747047855811062 0.09155455904334836 0.05800704371245078
8 0.4669282511210765 0.26558939299772116 0.09155455904334836 0.05800704371245078
8 0.5730568011958148 0.30888750776880053 0.09155455904334836 0.05800704371245085
8 0.6791853512705534 0.34907810234099873 0.09155455904334836 0.058007043712450815
8 0.7797085201793723 0.39134037704578417 0.09155455904334836 0.058007043712450745
8 0.8802316890881915 0.4325668116842759 0.09155455904334836 0.058007043712450815
8 0.3417414050822123 0.37746012015744773 0.09155455904334836 0.058007043712450815
8 0.44600149476831097 0.4197223948622333 0.09155455904334836 0.058007043712450745
8 0.656390134529148 0.5006215040397762 0.10201793721973094 0.06070022788481456
8 0.7572869955156952 0.54153718665838 0.09155455904334836 0.058007043712450815
