4 0.05285675054562273 0.07628532693711544 0.041915388729096496 0.04692877255188237
4 0.13415815109774956 0.18187506517885077 0.0397473513810398 0.05735738867452288
4 0.21582089120788586 0.285509437897591 0.0397473513810398 0.053446657628532714
4 0.5193461199358261 0.6707164459276254 0.02962984375677509 0.059964542705183026
4 0.5450012285544972 0.6974397747418917 0.024571089944642775 0.06387527375117323
4 0.5681269602671022 0.7274220460944832 0.02312573171260501 0.06387527375117323
4 0.5916140315377166 0.760011471477735 0.02384841082862382 0.06126811972051317
4 0.6154624423663404 0.7893419543226613 0.025293769060661657 0.059964542705183026
4 0.6385881740789455 0.8212795911982481 0.02673912729269949 0.06126811972051305
4 0.6609912266755316 0.8493064970278443 0.02384841082862396 0.0625716967358432
4 0.6852009770621649 0.8799405568881009 0.027461806408718516 0.05605381165919283
6 0.9746339630277363 0.9632912712483053 0.03830199314900203 0.06893315257065388
