4 0.314105250986457 0.11669621441234748 0.02673912729269949 0.05735738867452291
4 0.33650830358304307 0.14407133173427886 0.025293769060661726 0.05475023464386277
4 0.3607180539696764 0.17340181457920537 0.02601644817668061 0.06387527375117323
4 0.38420512524029077 0.20664302847012203 0.023848410828623892 0.05735738867452291
4 0.4066081778368768 0.23727708833037855 0.025293769060661657 0.058660965689852934
4 0.4304565886655008 0.26856293669830017 0.025293769060661657 0.06126811972051311
4 0.4532209808200962 0.2985452080508917 0.02312573171260501 0.058660965689852934
4 0.47851474988075793 0.325920325372823 0.02601644817668061 0.058660965689853004
4 0.782762657724717 0.7111273334028575 0.03902467226502091 0.05735738867452285
4 0.8637027187188344 0.8075920325372823 0.03757931403298301 0.06517885076650325
4 0.9450041192709613 0.9164407133173428 0.0397473513810398 0.06126811972051317
6 0.023949585904866517 0.03261549692355825 0.03757931403298307 0.06387527375117323
