8 0.48104412678682407 0.33374178746480343 0.04841950077326666 0.08473250599645425
8 0.45213696214606786 0.4126081968922724 0.045528784309190995 0.07300031285848364
8 0.3889025394944137 0.563171342162895 0.05058753812132338 0.0664824277818334
8 0.3589113561796291 0.6400823860673689 0.045528784309190995 0.06908958181249357
8 0.32928151242285403 0.7189487954948379 0.04552878430919103 0.0703931588278236
8 0.44093543584777484 0.7469757013244342 0.04914217988928555 0.07951819793513402
8 0.4749013543006634 0.6694128689122953 0.04625146342520994 0.07039315882782347
8 0.5366904187202798 0.5168943581186777 0.04408342607715323 0.07560746688914383
8 0.5833032217034991 0.5592606111169048 0.03902467226502091 0.07951819793513402
6 0.09368812060069087 0.2594378975909897 0.02529376906066169 0.0430180415058922
14 0.1392169049098819 0.4347690061528835 0.0397473513810398 0.07039315882782347
14 0.17318282336277044 0.4771352591511106 0.03685663491696416 0.06387527375117323
14 0.20895543960570626 0.5260193972259881 0.03468859756890748 0.06257169673584308
