8 0.4145576481130848 0.43802794869120876 0.04408342607715323 0.08212535196579414
8 0.4644225071183892 0.4830013557200959 0.042638067845115396 0.07560746688914383
8 0.5460852472285256 0.5872875169465013 0.04697414254122883 0.06778600479716343
8 0.5182621012617977 0.6668057148816352 0.043360746961134344 0.07560746688914383
8 0.6093196698801798 0.43476900615288355 0.046251463425209874 0.07300031285848371
8 0.5254888924219868 0.33113463343414334 0.04625146342520994 0.07169673584315363
8 0.5565640944107997 0.24966106997601417 0.043360746961134344 0.07039315882782354
8 0.6403948718689926 0.3572061737407446 0.04191538872909651 0.07691104390447391
8 0.6689406969517394 0.2789915528209407 0.04841950077326666 0.07430388987381374
14 0.7881827510948588 0.4719209510897904 0.03685663491696412 0.06648242778183333
14 0.825039386011823 0.5175461466263427 0.03685663491696412 0.0743038898738138
14 0.8586439649067021 0.5612159766398999 0.03468859756890748 0.07821462091980387
6 0.9059794470059404 0.7371988737094588 0.01806697790047262 0.044321618521222225
