8 0.5557760228580498 0.4154562004653029 0.08135243462042133 0.0412502681267428
8 0.5141077026866144 0.4644065186423711 0.07936822889797208 0.04235027527678931
8 0.6693718004682724 0.5251819136824388 0.06845509742450098 0.04290027885181254
8 0.7482439779356322 0.556807119246275 0.07143140600817498 0.04345028242683576
8 0.33304893051311557 0.5166568582695786 0.07440771459184885 0.04455028957688227
8 0.40993690225802604 0.5485570656209264 0.07143140600817485 0.04235027527678931
8 0.5656970514702964 0.6082324535109477 0.0753998174530736 0.04070026455171958
8 0.6440731775070438 0.6387576519247374 0.06944720028572561 0.04125026812674287
8 0.7209611492519543 0.6698328539135504 0.07242350886939948 0.03960025740167307
14 0.5275010913131473 0.7891836296935928 0.07440771459184885 0.03300021450139427
14 0.4793841025437517 0.8246588602825917 0.06547878884082699 0.037950246676603405
14 0.432755268066193 0.8587590819340325 0.06746299456327624 0.03245021092637105
6 0.25814516449065433 0.9055093858110077 0.04762093733878328 0.020350132275859755
